learning_rate,batch_size,optimizer,optimizer_name,optimizer_params,loss_function,loss_function_class,loss_function_params,metrics,epochs,activation_layers,pca_threshold,pca,pca_transform,n_splits,class_weights_enabled,outlier_dict,stratification_enabled,lr_schedule_enabled,lr_schedule_strategy,dropout_enabled,dropout_rate,early_stopping_metric,model,scaler,outlier_detection,avg_score,variance_score,mean_absolute_error_residuals_cv,median_absolute_error_residuals_cv,avg_sign_accuracy,validation_train_error_mean,validation_train_error_median,validation_train_error_std,validation_train_abserror_mean,validation_train_abserror_median,validation_train_abserror_std,validation_training_success,validation_training_improvement,validation_test_error_mean,validation_test_error_median,validation_test_error_std,validation_test_abserror_mean,validation_test_abserror_median,validation_test_abserror_std,validation_test_success,validation_test_improvement,validation_avg_train_test_improvement,validation_train_test_harmonic_mean,validation_train_test_geometric_mean
0.01,32,"(<class 'keras.src.optimizers.adam.Adam'>, {'beta_1': 0.99, 'beta_2': 0.9995, 'epsilon': 1e-06, 'amsgrad': False, 'learning_rate': 0.1})",<class 'keras.src.optimizers.adam.Adam'>,"{'beta_1': 0.99, 'beta_2': 0.9995, 'epsilon': 1e-06, 'amsgrad': False, 'learning_rate': 0.1}","(<class 'keras.src.losses.Huber'>, {'reduction': 'auto'})",<class 'keras.src.losses.Huber'>,{'reduction': 'auto'},"[(<class 'keras.src.metrics.regression_metrics.MeanSquaredError'>, {}), (<class 'keras.src.metrics.regression_metrics.MeanAbsoluteError'>, {}), (<class 'keras.src.metrics.regression_metrics.MeanAbsolutePercentageError'>, {}), (<class 'keras.src.metrics.regression_metrics.RootMeanSquaredError'>, {}), (<class 'keras.src.metrics.regression_metrics.CosineSimilarity'>, {}), (<class 'keras.src.metrics.regression_metrics.LogCoshError'>, {}), (<class 'tensorflow_addons.metrics.r_square.RSquare'>, {})]",200,"[{'nodes': 128, 'activation': 'softplus', 'l2_reg': 0.0001, 'l1_reg': 0.001}]",0.85,True,PCA(n_components=0.85),1,True,"{'enabled': True, 'contamination': 0.05, 'remove_outliers': False}",False,True,"{'method': <function cosine_annealing_50 at 0x000001BAC637EB80>, 'description': 'Cosine Annealing with 50 epochs cycle'}",True,0.9,val_root_mean_squared_error,<keras.src.engine.sequential.Sequential object at 0x000001BAB290A7F0>,StandardScaler(),IsolationForest(contamination=0.05),"[1.28613377e+01 3.10069916e+02 1.33028212e+01 1.33875412e+02
 1.76088028e+01 7.85802603e-02 1.26328964e+01 1.25114918e-02]",[0. 0. 0. 0. 0. 0. 0. 0.],13.30281610637243,10.239436263896499,0.5392901289069398,0.002167188198551911,-0.35954274113272966,16.284370095482654,12.32663192971324,9.629845800940824,10.64093474079995,0.541556285542722,0.013775011750730879,-0.41935918040730663,-0.74213166216104,16.78447059541849,12.716658440588752,10.089235502845703,10.961798304112724,0.5542969711893623,0.012702086040871264,0.013238548895801071,0.013216809927505934,0.013227674945801939
0.01,32,"(<class 'keras.src.optimizers.adam.Adam'>, {'beta_1': 0.99, 'beta_2': 0.9995, 'epsilon': 1e-06, 'amsgrad': False, 'learning_rate': 0.1})",<class 'keras.src.optimizers.adam.Adam'>,"{'beta_1': 0.99, 'beta_2': 0.9995, 'epsilon': 1e-06, 'amsgrad': False, 'learning_rate': 0.1}","(<class 'keras.src.losses.Huber'>, {'reduction': 'auto'})",<class 'keras.src.losses.Huber'>,{'reduction': 'auto'},"[(<class 'keras.src.metrics.regression_metrics.MeanSquaredError'>, {}), (<class 'keras.src.metrics.regression_metrics.MeanAbsoluteError'>, {}), (<class 'keras.src.metrics.regression_metrics.MeanAbsolutePercentageError'>, {}), (<class 'keras.src.metrics.regression_metrics.RootMeanSquaredError'>, {}), (<class 'keras.src.metrics.regression_metrics.CosineSimilarity'>, {}), (<class 'keras.src.metrics.regression_metrics.LogCoshError'>, {}), (<class 'tensorflow_addons.metrics.r_square.RSquare'>, {})]",200,"[{'nodes': 128, 'activation': 'softplus', 'l2_reg': 0.0001, 'l1_reg': 0.001}]",0.9,True,PCA(n_components=0.9),1,True,"{'enabled': True, 'contamination': 0.05, 'remove_outliers': False}",False,True,"{'method': <function cosine_annealing_50 at 0x000001BAC637EB80>, 'description': 'Cosine Annealing with 50 epochs cycle'}",True,0.9,val_root_mean_squared_error,<keras.src.engine.sequential.Sequential object at 0x000001BA92ECEB20>,StandardScaler(),IsolationForest(contamination=0.05),"[1.28983669e+01 3.11134674e+02 1.33303833e+01 1.60871674e+02
 1.76390095e+01 5.27988710e-02 1.26600714e+01 9.12058353e-03]",[0. 0. 0. 0. 0. 0. 0. 0.],13.330384862762108,10.318477446819088,0.5263994349284832,-0.206420584839733,-0.7027812005177023,16.247427043395216,12.304138925752504,9.62599700558837,10.61246032473206,0.5345978594892444,0.014169179864084957,-0.5421161699000098,-0.8927345557758664,16.763777807841546,12.708584874385288,10.001382705196603,10.944868902699216,0.5361979807929081,0.021299058906651413,0.017734119385368185,0.017017489846892612,0.017372109733250148
0.01,32,"(<class 'keras.src.optimizers.adam.Adam'>, {'beta_1': 0.99, 'beta_2': 0.9995, 'epsilon': 1e-06, 'amsgrad': False, 'learning_rate': 0.1})",<class 'keras.src.optimizers.adam.Adam'>,"{'beta_1': 0.99, 'beta_2': 0.9995, 'epsilon': 1e-06, 'amsgrad': False, 'learning_rate': 0.1}","(<class 'keras.src.losses.Huber'>, {'reduction': 'auto'})",<class 'keras.src.losses.Huber'>,{'reduction': 'auto'},"[(<class 'keras.src.metrics.regression_metrics.MeanSquaredError'>, {}), (<class 'keras.src.metrics.regression_metrics.MeanAbsoluteError'>, {}), (<class 'keras.src.metrics.regression_metrics.MeanAbsolutePercentageError'>, {}), (<class 'keras.src.metrics.regression_metrics.RootMeanSquaredError'>, {}), (<class 'keras.src.metrics.regression_metrics.CosineSimilarity'>, {}), (<class 'keras.src.metrics.regression_metrics.LogCoshError'>, {}), (<class 'tensorflow_addons.metrics.r_square.RSquare'>, {})]",200,"[{'nodes': 128, 'activation': 'softplus', 'l2_reg': 0.0001, 'l1_reg': 0.001}]",0.95,True,PCA(n_components=0.95),1,True,"{'enabled': True, 'contamination': 0.05, 'remove_outliers': False}",False,True,"{'method': <function cosine_annealing_50 at 0x000001BAC637EB80>, 'description': 'Cosine Annealing with 50 epochs cycle'}",True,0.9,val_root_mean_squared_error,<keras.src.engine.sequential.Sequential object at 0x000001BAAE879FD0>,StandardScaler(),IsolationForest(contamination=0.05),"[1.28973694e+01 3.11482239e+02 1.33183508e+01 1.30382706e+02
 1.76488590e+01 7.82270879e-02 1.26473370e+01 8.01360607e-03]",[0. 0. 0. 0. 0. 0. 0. 0.],13.31835465024286,10.302598874510945,0.5391135440579198,0.0959315620072433,-0.3630630113772728,16.26108230487952,12.313265932855785,9.63488525463345,10.621211202155962,0.5466426477340963,0.013258904300878869,-0.18619907221995546,-0.5973963218124617,16.828542506728915,12.739508054483778,10.015384378695678,10.996338807909721,0.5497414429943364,0.019928903255742574,0.01659390377831072,0.01592364428644792,0.01625531977813307
0.01,32,"(<class 'keras.src.optimizers.adam.Adam'>, {'beta_1': 0.99, 'beta_2': 0.9995, 'epsilon': 1e-06, 'amsgrad': False, 'learning_rate': 0.1})",<class 'keras.src.optimizers.adam.Adam'>,"{'beta_1': 0.99, 'beta_2': 0.9995, 'epsilon': 1e-06, 'amsgrad': False, 'learning_rate': 0.1}","(<class 'keras.src.losses.Huber'>, {'reduction': 'auto'})",<class 'keras.src.losses.Huber'>,{'reduction': 'auto'},"[(<class 'keras.src.metrics.regression_metrics.MeanSquaredError'>, {}), (<class 'keras.src.metrics.regression_metrics.MeanAbsoluteError'>, {}), (<class 'keras.src.metrics.regression_metrics.MeanAbsolutePercentageError'>, {}), (<class 'keras.src.metrics.regression_metrics.RootMeanSquaredError'>, {}), (<class 'keras.src.metrics.regression_metrics.CosineSimilarity'>, {}), (<class 'keras.src.metrics.regression_metrics.LogCoshError'>, {}), (<class 'tensorflow_addons.metrics.r_square.RSquare'>, {})]",200,"[{'nodes': 128, 'activation': 'softplus', 'l2_reg': 0.0001, 'l1_reg': 0.001}]",0.99,True,PCA(n_components=0.99),1,True,"{'enabled': True, 'contamination': 0.05, 'remove_outliers': False}",False,True,"{'method': <function cosine_annealing_50 at 0x000001BAC637EB80>, 'description': 'Cosine Annealing with 50 epochs cycle'}",True,0.9,val_root_mean_squared_error,<keras.src.engine.sequential.Sequential object at 0x000001BAA7EEC190>,StandardScaler(),IsolationForest(contamination=0.05),"[1.28566904e+01 3.06708557e+02 1.31873512e+01 1.44333496e+02
 1.75130959e+01 1.29789859e-01 1.25174265e+01 2.32165456e-02]",[0. 0. 0. 0. 0. 0. 0. 0.],13.18735281312234,10.130268263108336,0.5648949320148331,0.5544458261977095,0.009696194037341288,16.11265372594638,12.14233765953234,9.324754938005038,10.605821955973434,0.5687541944827099,0.04502039604176586,0.16631675476383692,-0.2922599630856313,16.563521621511185,12.528524552504035,9.815597019827841,10.834881520349102,0.5728884511204136,0.03947940761159637,0.04224990182668112,0.042068229494581846,0.04215896780245425
0.01,32,"(<class 'keras.src.optimizers.adam.Adam'>, {'beta_1': 0.99, 'beta_2': 0.9995, 'epsilon': 1e-06, 'amsgrad': False, 'learning_rate': 0.1})",<class 'keras.src.optimizers.adam.Adam'>,"{'beta_1': 0.99, 'beta_2': 0.9995, 'epsilon': 1e-06, 'amsgrad': False, 'learning_rate': 0.1}","(<class 'keras.src.losses.Huber'>, {'reduction': 'auto'})",<class 'keras.src.losses.Huber'>,{'reduction': 'auto'},"[(<class 'keras.src.metrics.regression_metrics.MeanSquaredError'>, {}), (<class 'keras.src.metrics.regression_metrics.MeanAbsoluteError'>, {}), (<class 'keras.src.metrics.regression_metrics.MeanAbsolutePercentageError'>, {}), (<class 'keras.src.metrics.regression_metrics.RootMeanSquaredError'>, {}), (<class 'keras.src.metrics.regression_metrics.CosineSimilarity'>, {}), (<class 'keras.src.metrics.regression_metrics.LogCoshError'>, {}), (<class 'tensorflow_addons.metrics.r_square.RSquare'>, {})]",200,"[{'nodes': 128, 'activation': 'softplus', 'l2_reg': 0.0001, 'l1_reg': 0.001}]",,False,,1,True,"{'enabled': True, 'contamination': 0.05, 'remove_outliers': False}",False,True,"{'method': <function cosine_annealing_50 at 0x000001BAC637EB80>, 'description': 'Cosine Annealing with 50 epochs cycle'}",True,0.9,val_root_mean_squared_error,<keras.src.engine.sequential.Sequential object at 0x000001BB186AC2B0>,StandardScaler(),IsolationForest(contamination=0.05),"[1.32004242e+01 3.09515991e+02 1.32314348e+01 1.74886887e+02
 1.75930672e+01 1.16369419e-01 1.25627880e+01 1.42756104e-02]",[0. 0. 0. 0. 0. 0. 0. 0.],13.23143263517595,10.196418987548057,0.5581847077520748,0.7119442089620841,0.14179372624822717,16.151964792234313,12.153808177599391,9.37712681273669,10.661734292459181,0.5692133799583201,0.03965681570938203,0.9672096900693051,0.284235325250435,17.214266080173978,12.900725960180228,9.935705310485911,11.4375409303409,0.572642206353115,0.027726023048171053,0.03369141937877654,0.03263518743493572,0.03315909809351572
0.01,32,"(<class 'keras.src.optimizers.adam.Adam'>, {'beta_1': 0.99, 'beta_2': 0.9995, 'epsilon': 1e-06, 'amsgrad': False, 'learning_rate': 0.1})",<class 'keras.src.optimizers.adam.Adam'>,"{'beta_1': 0.99, 'beta_2': 0.9995, 'epsilon': 1e-06, 'amsgrad': False, 'learning_rate': 0.1}","(<class 'keras.src.losses.Huber'>, {'reduction': 'auto'})",<class 'keras.src.losses.Huber'>,{'reduction': 'auto'},"[(<class 'keras.src.metrics.regression_metrics.MeanSquaredError'>, {}), (<class 'keras.src.metrics.regression_metrics.MeanAbsoluteError'>, {}), (<class 'keras.src.metrics.regression_metrics.MeanAbsolutePercentageError'>, {}), (<class 'keras.src.metrics.regression_metrics.RootMeanSquaredError'>, {}), (<class 'keras.src.metrics.regression_metrics.CosineSimilarity'>, {}), (<class 'keras.src.metrics.regression_metrics.LogCoshError'>, {}), (<class 'tensorflow_addons.metrics.r_square.RSquare'>, {})]",200,"[{'nodes': 128, 'activation': 'softplus', 'l2_reg': 0.0001, 'l1_reg': 0.001}]",0.85,True,PCA(n_components=0.85),1,True,"{'enabled': True, 'contamination': 0.05, 'remove_outliers': False}",False,True,"{'method': <function cosine_annealing_50 at 0x000001BAC637EB80>, 'description': 'Cosine Annealing with 50 epochs cycle'}",True,0.9,val_root_mean_squared_error,<keras.src.engine.sequential.Sequential object at 0x000001BB8EA5A7F0>,StandardScaler(),IsolationForest(contamination=0.05),"[1.28456802e+01 3.09861633e+02 1.32927685e+01 1.46076874e+02
 1.76028862e+01 7.18700364e-02 1.26233187e+01 1.31748915e-02]",[0. 0. 0. 0. 0. 0. 0. 0.],13.292763826163345,10.255749831823348,0.5359350167755607,0.05175121869734475,-0.41377179180311696,16.282759940170276,12.31406775373075,9.610081891926498,10.653137032337575,0.5414856416233973,0.01579910033307445,-0.3398566846031056,-0.7145604451141774,16.735598792940394,12.682492068333142,9.993466270294686,10.92384422036642,0.549248953459739,0.02207373402078185,0.01893641717692815,0.018416637913154833,0.018674719235370885
0.01,32,"(<class 'keras.src.optimizers.adam.Adam'>, {'beta_1': 0.99, 'beta_2': 0.9995, 'epsilon': 1e-06, 'amsgrad': False, 'learning_rate': 0.1})",<class 'keras.src.optimizers.adam.Adam'>,"{'beta_1': 0.99, 'beta_2': 0.9995, 'epsilon': 1e-06, 'amsgrad': False, 'learning_rate': 0.1}","(<class 'keras.src.losses.Huber'>, {'reduction': 'auto'})",<class 'keras.src.losses.Huber'>,{'reduction': 'auto'},"[(<class 'keras.src.metrics.regression_metrics.MeanSquaredError'>, {}), (<class 'keras.src.metrics.regression_metrics.MeanAbsoluteError'>, {}), (<class 'keras.src.metrics.regression_metrics.MeanAbsolutePercentageError'>, {}), (<class 'keras.src.metrics.regression_metrics.RootMeanSquaredError'>, {}), (<class 'keras.src.metrics.regression_metrics.CosineSimilarity'>, {}), (<class 'keras.src.metrics.regression_metrics.LogCoshError'>, {}), (<class 'tensorflow_addons.metrics.r_square.RSquare'>, {})]",200,"[{'nodes': 128, 'activation': 'softplus', 'l2_reg': 0.0001, 'l1_reg': 0.001}]",0.9,True,PCA(n_components=0.9),1,True,"{'enabled': True, 'contamination': 0.05, 'remove_outliers': False}",False,True,"{'method': <function cosine_annealing_50 at 0x000001BAC637EB80>, 'description': 'Cosine Annealing with 50 epochs cycle'}",True,0.9,val_root_mean_squared_error,<keras.src.engine.sequential.Sequential object at 0x000001BB2417F1C0>,StandardScaler(),IsolationForest(contamination=0.05),"[1.28421898e+01 3.10083252e+02 1.32839432e+01 1.37677994e+02
 1.76091805e+01 9.87109318e-02 1.26145716e+01 1.24690533e-02]",[0. 0. 0. 0. 0. 0. 0. 0.],13.283950719812273,10.304264600777941,0.5493554653010772,0.39503686289291384,-0.0705964647634356,16.26383225128518,12.301598046555348,9.613055066437605,10.64582731390815,0.5434989933241496,0.015494607503397692,0.022140990441001398,-0.36154341636931636,16.76396147386937,12.68608197892366,9.949581429885678,10.957846561168271,0.5512189115981285,0.02636815368994535,0.02093138059667152,0.01951921853066587,0.020212970885423318
0.01,32,"(<class 'keras.src.optimizers.adam.Adam'>, {'beta_1': 0.99, 'beta_2': 0.9995, 'epsilon': 1e-06, 'amsgrad': False, 'learning_rate': 0.1})",<class 'keras.src.optimizers.adam.Adam'>,"{'beta_1': 0.99, 'beta_2': 0.9995, 'epsilon': 1e-06, 'amsgrad': False, 'learning_rate': 0.1}","(<class 'keras.src.losses.Huber'>, {'reduction': 'auto'})",<class 'keras.src.losses.Huber'>,{'reduction': 'auto'},"[(<class 'keras.src.metrics.regression_metrics.MeanSquaredError'>, {}), (<class 'keras.src.metrics.regression_metrics.MeanAbsoluteError'>, {}), (<class 'keras.src.metrics.regression_metrics.MeanAbsolutePercentageError'>, {}), (<class 'keras.src.metrics.regression_metrics.RootMeanSquaredError'>, {}), (<class 'keras.src.metrics.regression_metrics.CosineSimilarity'>, {}), (<class 'keras.src.metrics.regression_metrics.LogCoshError'>, {}), (<class 'tensorflow_addons.metrics.r_square.RSquare'>, {})]",200,"[{'nodes': 128, 'activation': 'softplus', 'l2_reg': 0.0001, 'l1_reg': 0.001}]",0.95,True,PCA(n_components=0.95),1,True,"{'enabled': True, 'contamination': 0.05, 'remove_outliers': False}",False,True,"{'method': <function cosine_annealing_50 at 0x000001BAC637EB80>, 'description': 'Cosine Annealing with 50 epochs cycle'}",True,0.9,val_root_mean_squared_error,<keras.src.engine.sequential.Sequential object at 0x000001BB74E1AC40>,StandardScaler(),IsolationForest(contamination=0.05),"[1.28876629e+01 3.11081451e+02 1.33008747e+01 1.34633942e+02
 1.76375008e+01 9.65919122e-02 1.26304302e+01 9.29009914e-03]",[0. 0. 0. 0. 0. 0. 0. 0.],13.300872765041595,10.295627678828358,0.5482959562069575,0.5057319034671202,0.00476066760449978,16.25891366259546,12.304502716069914,9.611544963558885,10.639638726441019,0.5427219102115786,0.015649262232518654,0.21836078371149933,-0.19654186832285425,16.796649323648868,12.71548531026655,10.025287929516027,10.975957352862588,0.5563900517114011,0.018959775806694446,0.01730451901960655,0.01714618609928116,0.017225170636853623
0.01,32,"(<class 'keras.src.optimizers.adam.Adam'>, {'beta_1': 0.99, 'beta_2': 0.9995, 'epsilon': 1e-06, 'amsgrad': False, 'learning_rate': 0.1})",<class 'keras.src.optimizers.adam.Adam'>,"{'beta_1': 0.99, 'beta_2': 0.9995, 'epsilon': 1e-06, 'amsgrad': False, 'learning_rate': 0.1}","(<class 'keras.src.losses.Huber'>, {'reduction': 'auto'})",<class 'keras.src.losses.Huber'>,{'reduction': 'auto'},"[(<class 'keras.src.metrics.regression_metrics.MeanSquaredError'>, {}), (<class 'keras.src.metrics.regression_metrics.MeanAbsoluteError'>, {}), (<class 'keras.src.metrics.regression_metrics.MeanAbsolutePercentageError'>, {}), (<class 'keras.src.metrics.regression_metrics.RootMeanSquaredError'>, {}), (<class 'keras.src.metrics.regression_metrics.CosineSimilarity'>, {}), (<class 'keras.src.metrics.regression_metrics.LogCoshError'>, {}), (<class 'tensorflow_addons.metrics.r_square.RSquare'>, {})]",200,"[{'nodes': 128, 'activation': 'softplus', 'l2_reg': 0.0001, 'l1_reg': 0.001}]",0.99,True,PCA(n_components=0.99),1,True,"{'enabled': True, 'contamination': 0.05, 'remove_outliers': False}",False,True,"{'method': <function cosine_annealing_50 at 0x000001BAC637EB80>, 'description': 'Cosine Annealing with 50 epochs cycle'}",True,0.9,val_root_mean_squared_error,<keras.src.engine.sequential.Sequential object at 0x000001BA8607E970>,StandardScaler(),IsolationForest(contamination=0.05),"[1.28892899e+01 3.07444153e+02 1.32220898e+01 1.52564697e+02
 1.75340862e+01 1.14603564e-01 1.25515614e+01 2.08739042e-02]",[0. 0. 0. 0. 0. 0. 0. 0.],13.22209065676413,10.179296300980099,0.5573017835069751,-0.06875722489120357,-0.5661629758164585,16.09677616293899,12.155315477864697,9.427266354949783,10.55244128780517,0.5645155593232313,0.03452185607948838,-0.43652826471242556,-0.7949971795459598,16.58276290886515,12.55609719233084,9.89539830622036,10.83990848939074,0.5680866781580891,0.03167032796781503,0.0330960920236517,0.03303467077967332,0.03306536713988075
0.01,32,"(<class 'keras.src.optimizers.adam.Adam'>, {'beta_1': 0.99, 'beta_2': 0.9995, 'epsilon': 1e-06, 'amsgrad': False, 'learning_rate': 0.1})",<class 'keras.src.optimizers.adam.Adam'>,"{'beta_1': 0.99, 'beta_2': 0.9995, 'epsilon': 1e-06, 'amsgrad': False, 'learning_rate': 0.1}","(<class 'keras.src.losses.Huber'>, {'reduction': 'auto'})",<class 'keras.src.losses.Huber'>,{'reduction': 'auto'},"[(<class 'keras.src.metrics.regression_metrics.MeanSquaredError'>, {}), (<class 'keras.src.metrics.regression_metrics.MeanAbsoluteError'>, {}), (<class 'keras.src.metrics.regression_metrics.MeanAbsolutePercentageError'>, {}), (<class 'keras.src.metrics.regression_metrics.RootMeanSquaredError'>, {}), (<class 'keras.src.metrics.regression_metrics.CosineSimilarity'>, {}), (<class 'keras.src.metrics.regression_metrics.LogCoshError'>, {}), (<class 'tensorflow_addons.metrics.r_square.RSquare'>, {})]",200,"[{'nodes': 128, 'activation': 'softplus', 'l2_reg': 0.0001, 'l1_reg': 0.001}]",,False,,1,True,"{'enabled': True, 'contamination': 0.05, 'remove_outliers': False}",False,True,"{'method': <function cosine_annealing_50 at 0x000001BAC637EB80>, 'description': 'Cosine Annealing with 50 epochs cycle'}",True,0.9,val_root_mean_squared_error,<keras.src.engine.sequential.Sequential object at 0x000001BABE744AF0>,StandardScaler(),IsolationForest(contamination=0.05),"[1.31696787e+01 3.09531830e+02 1.32342854e+01 2.21657211e+02
 1.75935173e+01 1.13190889e-01 1.25656271e+01 1.42251849e-02]",[0. 0. 0. 0. 0. 0. 0. 0.],13.234282988701557,10.216209785473229,0.5565954441108952,0.7356219222869437,0.2039957358264335,16.1131424696076,12.124727715495343,9.33809174035758,10.63768320491511,0.569531277595281,0.04365452913015509,0.21246669930225082,-0.2068196762059713,16.76148815841833,12.65064006668422,9.911976979725324,10.997010142450717,0.5674710662398424,0.030047995952367037,0.036851262541261066,0.03559528287902456,0.03621782868430118
0.001,32,"(<class 'keras.src.optimizers.adam.Adam'>, {'beta_1': 0.99, 'beta_2': 0.9995, 'epsilon': 1e-06, 'amsgrad': False, 'learning_rate': 0.1})",<class 'keras.src.optimizers.adam.Adam'>,"{'beta_1': 0.99, 'beta_2': 0.9995, 'epsilon': 1e-06, 'amsgrad': False, 'learning_rate': 0.1}","(<class 'keras.src.losses.Huber'>, {'reduction': 'auto'})",<class 'keras.src.losses.Huber'>,{'reduction': 'auto'},"[(<class 'keras.src.metrics.regression_metrics.MeanSquaredError'>, {}), (<class 'keras.src.metrics.regression_metrics.MeanAbsoluteError'>, {}), (<class 'keras.src.metrics.regression_metrics.MeanAbsolutePercentageError'>, {}), (<class 'keras.src.metrics.regression_metrics.RootMeanSquaredError'>, {}), (<class 'keras.src.metrics.regression_metrics.CosineSimilarity'>, {}), (<class 'keras.src.metrics.regression_metrics.LogCoshError'>, {}), (<class 'tensorflow_addons.metrics.r_square.RSquare'>, {})]",200,"[{'nodes': 128, 'activation': 'softplus', 'l2_reg': 0.0001, 'l1_reg': 0.001}]",0.99,True,PCA(n_components=0.99),1,True,"{'enabled': True, 'contamination': 0.05, 'remove_outliers': False}",False,True,"{'method': <function cosine_annealing_50 at 0x000001BAC637EB80>, 'description': 'Cosine Annealing with 50 epochs cycle'}",True,0.9,val_root_mean_squared_error,<keras.src.engine.sequential.Sequential object at 0x000001BAA666B820>,StandardScaler(),IsolationForest(contamination=0.05),"[1.27731256e+01 3.07292358e+02 1.31994734e+01 1.68090363e+02
 1.75297565e+01 1.26258165e-01 1.25297575e+01 2.13572979e-02]",[0. 0. 0. 0. 0. 0. 0. 0.],13.199473457892601,10.123735040721991,0.5631290835246335,0.3501137882665229,-0.1143448234807598,16.112280558726585,12.133395475026571,9.329326147922696,10.606775324621996,0.5669527745399314,0.04455224301621197,-0.012616725390517317,-0.38284966567194667,16.608929099040132,12.535058350998714,9.730664025798967,10.89539576324251,0.5739965525732578,0.04779065852920641,0.04617145077270919,0.04611466603420037,0.04614304966837375
0.001,64,"(<class 'keras.src.optimizers.adam.Adam'>, {'beta_1': 0.99, 'beta_2': 0.9995, 'epsilon': 1e-06, 'amsgrad': False, 'learning_rate': 0.1})",<class 'keras.src.optimizers.adam.Adam'>,"{'beta_1': 0.99, 'beta_2': 0.9995, 'epsilon': 1e-06, 'amsgrad': False, 'learning_rate': 0.1}","(<class 'keras.src.losses.Huber'>, {'reduction': 'auto'})",<class 'keras.src.losses.Huber'>,{'reduction': 'auto'},"[(<class 'keras.src.metrics.regression_metrics.MeanSquaredError'>, {}), (<class 'keras.src.metrics.regression_metrics.MeanAbsoluteError'>, {}), (<class 'keras.src.metrics.regression_metrics.MeanAbsolutePercentageError'>, {}), (<class 'keras.src.metrics.regression_metrics.RootMeanSquaredError'>, {}), (<class 'keras.src.metrics.regression_metrics.CosineSimilarity'>, {}), (<class 'keras.src.metrics.regression_metrics.LogCoshError'>, {}), (<class 'tensorflow_addons.metrics.r_square.RSquare'>, {})]",200,"[{'nodes': 128, 'activation': 'softplus', 'l2_reg': 0.0001, 'l1_reg': 0.001}]",0.99,True,PCA(n_components=0.99),1,True,"{'enabled': True, 'contamination': 0.05, 'remove_outliers': False}",False,True,"{'method': <function cosine_annealing_50 at 0x000001BAC637EB80>, 'description': 'Cosine Annealing with 50 epochs cycle'}",True,0.9,val_root_mean_squared_error,<keras.src.engine.sequential.Sequential object at 0x000001BAB16AB6D0>,StandardScaler(),IsolationForest(contamination=0.05),"[1.27671356e+01 3.07680725e+02 1.31988859e+01 1.74100250e+02
 1.75408306e+01 1.21313788e-01 1.25289640e+01 2.01205015e-02]",[0. 0. 0. 0. 0. 0. 0. 0.],13.198885709574922,10.03524231280212,0.5606568956383542,0.4770031193505434,-0.04972192970511091,16.13008947878886,12.136205489457142,9.30281731217098,10.635536669962143,0.5687188725230475,0.04726710229518237,0.1007310367429583,-0.34993623845181776,16.62297505109066,12.5407708525386,9.754065406288298,10.910689621096694,0.5725190839694656,0.04550067985496858,0.04638389107507547,0.046367073554137876,0.046375481552272245
0.001,128,"(<class 'keras.src.optimizers.adam.Adam'>, {'beta_1': 0.99, 'beta_2': 0.9995, 'epsilon': 1e-06, 'amsgrad': False, 'learning_rate': 0.1})",<class 'keras.src.optimizers.adam.Adam'>,"{'beta_1': 0.99, 'beta_2': 0.9995, 'epsilon': 1e-06, 'amsgrad': False, 'learning_rate': 0.1}","(<class 'keras.src.losses.Huber'>, {'reduction': 'auto'})",<class 'keras.src.losses.Huber'>,{'reduction': 'auto'},"[(<class 'keras.src.metrics.regression_metrics.MeanSquaredError'>, {}), (<class 'keras.src.metrics.regression_metrics.MeanAbsoluteError'>, {}), (<class 'keras.src.metrics.regression_metrics.MeanAbsolutePercentageError'>, {}), (<class 'keras.src.metrics.regression_metrics.RootMeanSquaredError'>, {}), (<class 'keras.src.metrics.regression_metrics.CosineSimilarity'>, {}), (<class 'keras.src.metrics.regression_metrics.LogCoshError'>, {}), (<class 'tensorflow_addons.metrics.r_square.RSquare'>, {})]",200,"[{'nodes': 128, 'activation': 'softplus', 'l2_reg': 0.0001, 'l1_reg': 0.001}]",0.99,True,PCA(n_components=0.99),1,True,"{'enabled': True, 'contamination': 0.05, 'remove_outliers': False}",False,True,"{'method': <function cosine_annealing_50 at 0x000001BAC637EB80>, 'description': 'Cosine Annealing with 50 epochs cycle'}",True,0.9,val_root_mean_squared_error,<keras.src.engine.sequential.Sequential object at 0x000001BB23C71790>,StandardScaler(),IsolationForest(contamination=0.05),"[1.27625704e+01 3.07297272e+02 1.31945210e+01 1.72344711e+02
 1.75298958e+01 1.22726470e-01 1.25251017e+01 2.13416815e-02]",[0. 0. 0. 0. 0. 0. 0. 0.],13.19452147301923,10.053432196674445,0.5613632350344341,0.4397311492685416,-0.05976801686629596,16.118978162192384,12.133083684606865,9.308241144628216,10.620635932905223,0.5689308042810215,0.04671162931960462,0.050659295480408435,-0.3858784847413786,16.611717964292016,12.53516365169588,9.739666814416507,10.899635956666993,0.5762127554789461,0.046909676573794114,0.046810652946699366,0.046810443471331994,0.0468105482088985
0.01,32,"(<class 'keras.src.optimizers.adam.Adam'>, {'beta_1': 0.99, 'beta_2': 0.9995, 'epsilon': 1e-06, 'amsgrad': False, 'learning_rate': 0.1})",<class 'keras.src.optimizers.adam.Adam'>,"{'beta_1': 0.99, 'beta_2': 0.9995, 'epsilon': 1e-06, 'amsgrad': False, 'learning_rate': 0.1}","(<class 'keras.src.losses.Huber'>, {'reduction': 'auto'})",<class 'keras.src.losses.Huber'>,{'reduction': 'auto'},"[(<class 'keras.src.metrics.regression_metrics.MeanSquaredError'>, {}), (<class 'keras.src.metrics.regression_metrics.MeanAbsoluteError'>, {}), (<class 'keras.src.metrics.regression_metrics.MeanAbsolutePercentageError'>, {}), (<class 'keras.src.metrics.regression_metrics.RootMeanSquaredError'>, {}), (<class 'keras.src.metrics.regression_metrics.CosineSimilarity'>, {}), (<class 'keras.src.metrics.regression_metrics.LogCoshError'>, {}), (<class 'tensorflow_addons.metrics.r_square.RSquare'>, {})]",200,"[{'nodes': 128, 'activation': 'softplus', 'l2_reg': 0.0001, 'l1_reg': 0.001}]",0.99,True,PCA(n_components=0.99),1,True,"{'enabled': True, 'contamination': 0.05, 'remove_outliers': False}",False,True,"{'method': <function cosine_annealing_50 at 0x000001BAC637EB80>, 'description': 'Cosine Annealing with 50 epochs cycle'}",True,0.9,val_root_mean_squared_error,<keras.src.engine.sequential.Sequential object at 0x000001BAFB61D250>,StandardScaler(),IsolationForest(contamination=0.05),"[1.28184185e+01 3.06707123e+02 1.31810808e+01 1.57209915e+02
 1.75130558e+01 1.22020133e-01 1.25115833e+01 2.32211351e-02]",[0. 0. 0. 0. 0. 0. 0. 0.],13.181081162790907,10.111011046006187,0.5610100653363942,0.4007703778132209,-0.15915525467648362,16.172702505510504,12.16533098500183,9.371973062111964,10.663790285749526,0.5696372434742679,0.04018462869355385,0.011599814036853562,-0.5081909611143101,16.608075333787887,12.545345151108457,9.769688207250145,10.882244061671312,0.5693179019945827,0.043971886241668603,0.04207825746761123,0.041993039349044935,0.04203562681317649
0.01,64,"(<class 'keras.src.optimizers.adam.Adam'>, {'beta_1': 0.99, 'beta_2': 0.9995, 'epsilon': 1e-06, 'amsgrad': False, 'learning_rate': 0.1})",<class 'keras.src.optimizers.adam.Adam'>,"{'beta_1': 0.99, 'beta_2': 0.9995, 'epsilon': 1e-06, 'amsgrad': False, 'learning_rate': 0.1}","(<class 'keras.src.losses.Huber'>, {'reduction': 'auto'})",<class 'keras.src.losses.Huber'>,{'reduction': 'auto'},"[(<class 'keras.src.metrics.regression_metrics.MeanSquaredError'>, {}), (<class 'keras.src.metrics.regression_metrics.MeanAbsoluteError'>, {}), (<class 'keras.src.metrics.regression_metrics.MeanAbsolutePercentageError'>, {}), (<class 'keras.src.metrics.regression_metrics.RootMeanSquaredError'>, {}), (<class 'keras.src.metrics.regression_metrics.CosineSimilarity'>, {}), (<class 'keras.src.metrics.regression_metrics.LogCoshError'>, {}), (<class 'tensorflow_addons.metrics.r_square.RSquare'>, {})]",200,"[{'nodes': 128, 'activation': 'softplus', 'l2_reg': 0.0001, 'l1_reg': 0.001}]",0.99,True,PCA(n_components=0.99),1,True,"{'enabled': True, 'contamination': 0.05, 'remove_outliers': False}",False,True,"{'method': <function cosine_annealing_50 at 0x000001BAC637EB80>, 'description': 'Cosine Annealing with 50 epochs cycle'}",True,0.9,val_root_mean_squared_error,<keras.src.engine.sequential.Sequential object at 0x000001BB7FCE42E0>,StandardScaler(),IsolationForest(contamination=0.05),"[1.28497915e+01 3.07348328e+02 1.31981430e+01 1.52336395e+02
 1.75313530e+01 1.24845490e-01 1.25277538e+01 2.11790204e-02]",[0. 0. 0. 0. 0. 0. 0. 0.],13.19814816957599,10.118306511296078,0.5624227441285538,0.2502297554014526,-0.2852146628636417,16.125574640191186,12.138607775213327,9.347379736675704,10.618181161194983,0.5685775846843983,0.04270331410043927,-0.12209976009441363,-0.5557709243471218,16.610155513238464,12.542733912996006,9.783799640136781,10.889106039018532,0.5695641467618813,0.04259098991428871,0.04264715200736399,0.04264707804742645,0.04264711502737919
0.01,128,"(<class 'keras.src.optimizers.adam.Adam'>, {'beta_1': 0.99, 'beta_2': 0.9995, 'epsilon': 1e-06, 'amsgrad': False, 'learning_rate': 0.1})",<class 'keras.src.optimizers.adam.Adam'>,"{'beta_1': 0.99, 'beta_2': 0.9995, 'epsilon': 1e-06, 'amsgrad': False, 'learning_rate': 0.1}","(<class 'keras.src.losses.Huber'>, {'reduction': 'auto'})",<class 'keras.src.losses.Huber'>,{'reduction': 'auto'},"[(<class 'keras.src.metrics.regression_metrics.MeanSquaredError'>, {}), (<class 'keras.src.metrics.regression_metrics.MeanAbsoluteError'>, {}), (<class 'keras.src.metrics.regression_metrics.MeanAbsolutePercentageError'>, {}), (<class 'keras.src.metrics.regression_metrics.RootMeanSquaredError'>, {}), (<class 'keras.src.metrics.regression_metrics.CosineSimilarity'>, {}), (<class 'keras.src.metrics.regression_metrics.LogCoshError'>, {}), (<class 'tensorflow_addons.metrics.r_square.RSquare'>, {})]",200,"[{'nodes': 128, 'activation': 'softplus', 'l2_reg': 0.0001, 'l1_reg': 0.001}]",0.99,True,PCA(n_components=0.99),1,True,"{'enabled': True, 'contamination': 0.05, 'remove_outliers': False}",False,True,"{'method': <function cosine_annealing_50 at 0x000001BAC637EB80>, 'description': 'Cosine Annealing with 50 epochs cycle'}",True,0.9,val_root_mean_squared_error,<keras.src.engine.sequential.Sequential object at 0x000001BB82A16400>,StandardScaler(),IsolationForest(contamination=0.05),"[1.28278379e+01 3.07113220e+02 1.31952848e+01 1.49549484e+02
 1.75246468e+01 1.23785980e-01 1.25256090e+01 2.19277740e-02]",[0. 0. 0. 0. 0. 0. 0. 0.],13.19528784334766,10.10863698008933,0.5618929895814939,0.3261713707349567,-0.19210343892229287,16.11951405207675,12.13502843732767,9.33087154278902,10.61513108558714,0.5665642329836459,0.04439397391560697,-0.06479872126175745,-0.4790525864710317,16.604790629474522,12.531232043297615,9.752752920522887,10.893675147058572,0.5709184929820241,0.04562911520152436,0.045011544558565666,0.04500307132124877,0.04500730774050696
0.1,32,"(<class 'keras.src.optimizers.adam.Adam'>, {'beta_1': 0.99, 'beta_2': 0.9995, 'epsilon': 1e-06, 'amsgrad': False, 'learning_rate': 0.1})",<class 'keras.src.optimizers.adam.Adam'>,"{'beta_1': 0.99, 'beta_2': 0.9995, 'epsilon': 1e-06, 'amsgrad': False, 'learning_rate': 0.1}","(<class 'keras.src.losses.Huber'>, {'reduction': 'auto'})",<class 'keras.src.losses.Huber'>,{'reduction': 'auto'},"[(<class 'keras.src.metrics.regression_metrics.MeanSquaredError'>, {}), (<class 'keras.src.metrics.regression_metrics.MeanAbsoluteError'>, {}), (<class 'keras.src.metrics.regression_metrics.MeanAbsolutePercentageError'>, {}), (<class 'keras.src.metrics.regression_metrics.RootMeanSquaredError'>, {}), (<class 'keras.src.metrics.regression_metrics.CosineSimilarity'>, {}), (<class 'keras.src.metrics.regression_metrics.LogCoshError'>, {}), (<class 'tensorflow_addons.metrics.r_square.RSquare'>, {})]",200,"[{'nodes': 128, 'activation': 'softplus', 'l2_reg': 0.0001, 'l1_reg': 0.001}]",0.99,True,PCA(n_components=0.99),1,True,"{'enabled': True, 'contamination': 0.05, 'remove_outliers': False}",False,True,"{'method': <function cosine_annealing_50 at 0x000001BAC637EB80>, 'description': 'Cosine Annealing with 50 epochs cycle'}",True,0.9,val_root_mean_squared_error,<keras.src.engine.sequential.Sequential object at 0x000001BB85C491C0>,StandardScaler(),IsolationForest(contamination=0.05),"[1.34484892e+01 3.10694122e+02 1.33544140e+01 2.60111542e+02
 1.76265182e+01 5.77432439e-02 1.26845808e+01 1.05236769e-02]",[0. 0. 0. 0. 0. 0. 0. 0.],13.354411640819858,10.38513084865798,0.5288716228147625,-0.33836434009542027,-0.5976217887089725,16.432798152910586,12.446469052894225,9.732057787162573,10.73458362677455,0.5396488997209565,0.0033071374987226313,-0.5625676317181362,-0.8059631639051783,16.88847740452992,12.78873723879363,10.053499276156817,11.043787883893495,0.5354592464910121,0.016199110374653197,0.009753123936687914,0.00549287445886341,0.007319336402021866
0.1,64,"(<class 'keras.src.optimizers.adam.Adam'>, {'beta_1': 0.99, 'beta_2': 0.9995, 'epsilon': 1e-06, 'amsgrad': False, 'learning_rate': 0.1})",<class 'keras.src.optimizers.adam.Adam'>,"{'beta_1': 0.99, 'beta_2': 0.9995, 'epsilon': 1e-06, 'amsgrad': False, 'learning_rate': 0.1}","(<class 'keras.src.losses.Huber'>, {'reduction': 'auto'})",<class 'keras.src.losses.Huber'>,{'reduction': 'auto'},"[(<class 'keras.src.metrics.regression_metrics.MeanSquaredError'>, {}), (<class 'keras.src.metrics.regression_metrics.MeanAbsoluteError'>, {}), (<class 'keras.src.metrics.regression_metrics.MeanAbsolutePercentageError'>, {}), (<class 'keras.src.metrics.regression_metrics.RootMeanSquaredError'>, {}), (<class 'keras.src.metrics.regression_metrics.CosineSimilarity'>, {}), (<class 'keras.src.metrics.regression_metrics.LogCoshError'>, {}), (<class 'tensorflow_addons.metrics.r_square.RSquare'>, {})]",200,"[{'nodes': 128, 'activation': 'softplus', 'l2_reg': 0.0001, 'l1_reg': 0.001}]",0.99,True,PCA(n_components=0.99),1,True,"{'enabled': True, 'contamination': 0.05, 'remove_outliers': False}",False,True,"{'method': <function cosine_annealing_50 at 0x000001BAC637EB80>, 'description': 'Cosine Annealing with 50 epochs cycle'}",True,0.9,val_root_mean_squared_error,<keras.src.engine.sequential.Sequential object at 0x000001BB8961E760>,StandardScaler(),IsolationForest(contamination=0.05),"[1.31665611e+01 3.09245819e+02 1.32973423e+01 2.55924927e+02
 1.75853863e+01 1.08599685e-01 1.26274443e+01 1.51360631e-02]",[0. 0. 0. 0. 0. 0. 0. 0.],13.29734204085577,10.30596665771878,0.5542998410736358,0.19294479268328363,-0.22282287427455894,16.207207623132906,12.300111443231867,9.668084488723373,10.555222512413508,0.5440641446787468,0.009858858762556618,-0.10760145317825869,-0.39838750886128876,16.741688489843096,12.71325470241517,10.065722307259978,10.892610592875696,0.5503570549125831,0.015003006556182003,0.012430932659369311,0.011898746997042598,0.012161929232285039
0.1,128,"(<class 'keras.src.optimizers.adam.Adam'>, {'beta_1': 0.99, 'beta_2': 0.9995, 'epsilon': 1e-06, 'amsgrad': False, 'learning_rate': 0.1})",<class 'keras.src.optimizers.adam.Adam'>,"{'beta_1': 0.99, 'beta_2': 0.9995, 'epsilon': 1e-06, 'amsgrad': False, 'learning_rate': 0.1}","(<class 'keras.src.losses.Huber'>, {'reduction': 'auto'})",<class 'keras.src.losses.Huber'>,{'reduction': 'auto'},"[(<class 'keras.src.metrics.regression_metrics.MeanSquaredError'>, {}), (<class 'keras.src.metrics.regression_metrics.MeanAbsoluteError'>, {}), (<class 'keras.src.metrics.regression_metrics.MeanAbsolutePercentageError'>, {}), (<class 'keras.src.metrics.regression_metrics.RootMeanSquaredError'>, {}), (<class 'keras.src.metrics.regression_metrics.CosineSimilarity'>, {}), (<class 'keras.src.metrics.regression_metrics.LogCoshError'>, {}), (<class 'tensorflow_addons.metrics.r_square.RSquare'>, {})]",200,"[{'nodes': 128, 'activation': 'softplus', 'l2_reg': 0.0001, 'l1_reg': 0.001}]",0.99,True,PCA(n_components=0.99),1,True,"{'enabled': True, 'contamination': 0.05, 'remove_outliers': False}",False,True,"{'method': <function cosine_annealing_50 at 0x000001BAC637EB80>, 'description': 'Cosine Annealing with 50 epochs cycle'}",True,0.9,val_root_mean_squared_error,<keras.src.engine.sequential.Sequential object at 0x000001BB8D045C40>,StandardScaler(),IsolationForest(contamination=0.05),"[1.31652231e+01 3.08800568e+02 1.32630606e+01 2.01779648e+02
 1.75727215e+01 1.21666960e-01 1.25932837e+01 1.65540576e-02]",[0. 0. 0. 0. 0. 0. 0. 0.],13.263053984720635,10.202825563755045,0.5608334804873741,0.22358397211076345,-0.1584791147591369,16.220857116275617,12.28226392422617,9.592439916841114,10.59749316552239,0.5533538200699375,0.017605874504845416,-0.1284772939736598,-0.39114848474475994,16.74916267794443,12.684046655794823,9.976571855718191,10.938286351378444,0.5653779857178035,0.023726963372423932,0.020666418938634676,0.020213174849321867,0.020438540542709
0.001,32,"(<class 'keras.src.optimizers.adam.Adam'>, {'beta_1': 0.99, 'beta_2': 0.9995, 'epsilon': 1e-06, 'amsgrad': False, 'learning_rate': 0.1})",<class 'keras.src.optimizers.adam.Adam'>,"{'beta_1': 0.99, 'beta_2': 0.9995, 'epsilon': 1e-06, 'amsgrad': False, 'learning_rate': 0.1}","(<class 'keras.src.losses.Huber'>, {'reduction': 'auto'})",<class 'keras.src.losses.Huber'>,{'reduction': 'auto'},"[(<class 'keras.src.metrics.regression_metrics.MeanSquaredError'>, {}), (<class 'keras.src.metrics.regression_metrics.MeanAbsoluteError'>, {}), (<class 'keras.src.metrics.regression_metrics.MeanAbsolutePercentageError'>, {}), (<class 'keras.src.metrics.regression_metrics.RootMeanSquaredError'>, {}), (<class 'keras.src.metrics.regression_metrics.CosineSimilarity'>, {}), (<class 'keras.src.metrics.regression_metrics.LogCoshError'>, {}), (<class 'tensorflow_addons.metrics.r_square.RSquare'>, {})]",200,"[{'nodes': 128, 'activation': 'softplus', 'l2_reg': 0.0001, 'l1_reg': 0.001}]",0.99,True,PCA(n_components=0.99),1,True,"{'enabled': True, 'contamination': 0.05, 'remove_outliers': False}",False,True,"{'method': <function cosine_annealing_50 at 0x000001BAC637EB80>, 'description': 'Cosine Annealing with 50 epochs cycle'}",True,0.9,val_root_mean_squared_error,<keras.src.engine.sequential.Sequential object at 0x000001BB8E53B370>,StandardScaler(),IsolationForest(contamination=0.05),"[1.27609921e+01 3.07283081e+02 1.31960764e+01 1.95364960e+02
 1.75294914e+01 1.26964509e-01 1.25263605e+01 2.13868022e-02]",[0. 0. 0. 0. 0. 0. 0. 0.],13.196074672775188,10.088974655345584,0.5634822532226735,0.31663536270242526,-0.18104278230132942,16.13852623819902,12.142261251816814,9.314508877099367,10.635439552190753,0.5689308042810215,0.04606972969727556,-0.08799459138824836,-0.5267679061457049,16.620781740681267,12.539880335313116,9.727808062599635,10.908261439964114,0.5715341049002709,0.04807013327317976,0.04706993148522766,0.047048677925151064,0.04705930350533679
0.001,64,"(<class 'keras.src.optimizers.adam.Adam'>, {'beta_1': 0.99, 'beta_2': 0.9995, 'epsilon': 1e-06, 'amsgrad': False, 'learning_rate': 0.1})",<class 'keras.src.optimizers.adam.Adam'>,"{'beta_1': 0.99, 'beta_2': 0.9995, 'epsilon': 1e-06, 'amsgrad': False, 'learning_rate': 0.1}","(<class 'keras.src.losses.Huber'>, {'reduction': 'auto'})",<class 'keras.src.losses.Huber'>,{'reduction': 'auto'},"[(<class 'keras.src.metrics.regression_metrics.MeanSquaredError'>, {}), (<class 'keras.src.metrics.regression_metrics.MeanAbsoluteError'>, {}), (<class 'keras.src.metrics.regression_metrics.MeanAbsolutePercentageError'>, {}), (<class 'keras.src.metrics.regression_metrics.RootMeanSquaredError'>, {}), (<class 'keras.src.metrics.regression_metrics.CosineSimilarity'>, {}), (<class 'keras.src.metrics.regression_metrics.LogCoshError'>, {}), (<class 'tensorflow_addons.metrics.r_square.RSquare'>, {})]",200,"[{'nodes': 128, 'activation': 'softplus', 'l2_reg': 0.0001, 'l1_reg': 0.001}]",0.99,True,PCA(n_components=0.99),1,True,"{'enabled': True, 'contamination': 0.05, 'remove_outliers': False}",False,True,"{'method': <function cosine_annealing_50 at 0x000001BAC637EB80>, 'description': 'Cosine Annealing with 50 epochs cycle'}",True,0.9,val_root_mean_squared_error,<keras.src.engine.sequential.Sequential object at 0x000001BB943749A0>,StandardScaler(),IsolationForest(contamination=0.05),"[1.27609625e+01 3.07426056e+02 1.31952200e+01 1.88068451e+02
 1.75335693e+01 1.23432808e-01 1.25254974e+01 2.09315419e-02]",[0. 0. 0. 0. 0. 0. 0. 0.],13.195219839862524,10.087199206685355,0.561716404732474,0.41486544617322046,-0.08979485648000683,16.131355731240724,12.138021750560755,9.289293413427906,10.632778606982466,0.5686835505633853,0.04865213037919067,0.030834449500696894,-0.4604343670913432,16.61506882663809,12.536712811241005,9.744696045158632,10.902886840524554,0.5731346958877124,0.04641753333666598,0.047534831857928325,0.04750856993720992,0.047521699083428216
0.001,128,"(<class 'keras.src.optimizers.adam.Adam'>, {'beta_1': 0.99, 'beta_2': 0.9995, 'epsilon': 1e-06, 'amsgrad': False, 'learning_rate': 0.1})",<class 'keras.src.optimizers.adam.Adam'>,"{'beta_1': 0.99, 'beta_2': 0.9995, 'epsilon': 1e-06, 'amsgrad': False, 'learning_rate': 0.1}","(<class 'keras.src.losses.Huber'>, {'reduction': 'auto'})",<class 'keras.src.losses.Huber'>,{'reduction': 'auto'},"[(<class 'keras.src.metrics.regression_metrics.MeanSquaredError'>, {}), (<class 'keras.src.metrics.regression_metrics.MeanAbsoluteError'>, {}), (<class 'keras.src.metrics.regression_metrics.MeanAbsolutePercentageError'>, {}), (<class 'keras.src.metrics.regression_metrics.RootMeanSquaredError'>, {}), (<class 'keras.src.metrics.regression_metrics.CosineSimilarity'>, {}), (<class 'keras.src.metrics.regression_metrics.LogCoshError'>, {}), (<class 'tensorflow_addons.metrics.r_square.RSquare'>, {})]",200,"[{'nodes': 128, 'activation': 'softplus', 'l2_reg': 0.0001, 'l1_reg': 0.001}]",0.99,True,PCA(n_components=0.99),1,True,"{'enabled': True, 'contamination': 0.05, 'remove_outliers': False}",False,True,"{'method': <function cosine_annealing_50 at 0x000001BAC637EB80>, 'description': 'Cosine Annealing with 50 epochs cycle'}",True,0.9,val_root_mean_squared_error,<keras.src.engine.sequential.Sequential object at 0x000001BB9AB4FE80>,StandardScaler(),IsolationForest(contamination=0.05),"[1.27739153e+01 3.07540314e+02 1.32009344e+01 1.46913589e+02
 1.75368271e+01 1.18488431e-01 1.25310888e+01 2.05676556e-02]",[0. 0. 0. 0. 0. 0. 0. 0.],13.200933423954735,10.082510808415755,0.5592442168461946,0.35741955529978214,-0.13261716853092512,16.111813584895906,12.134523046865727,9.34432639164445,10.605019540132519,0.5681537211684504,0.04301601746348524,-0.009919227636595305,-0.43034227012360926,16.61209238883709,12.540093611793216,9.797166251621084,10.894420603267505,0.5730115735040631,0.041282979249711395,0.042149498356598314,0.04213168425697968,0.0421405903654693
0.01,32,"(<class 'keras.src.optimizers.adam.Adam'>, {'beta_1': 0.99, 'beta_2': 0.9995, 'epsilon': 1e-06, 'amsgrad': False, 'learning_rate': 0.1})",<class 'keras.src.optimizers.adam.Adam'>,"{'beta_1': 0.99, 'beta_2': 0.9995, 'epsilon': 1e-06, 'amsgrad': False, 'learning_rate': 0.1}","(<class 'keras.src.losses.Huber'>, {'reduction': 'auto'})",<class 'keras.src.losses.Huber'>,{'reduction': 'auto'},"[(<class 'keras.src.metrics.regression_metrics.MeanSquaredError'>, {}), (<class 'keras.src.metrics.regression_metrics.MeanAbsoluteError'>, {}), (<class 'keras.src.metrics.regression_metrics.MeanAbsolutePercentageError'>, {}), (<class 'keras.src.metrics.regression_metrics.RootMeanSquaredError'>, {}), (<class 'keras.src.metrics.regression_metrics.CosineSimilarity'>, {}), (<class 'keras.src.metrics.regression_metrics.LogCoshError'>, {}), (<class 'tensorflow_addons.metrics.r_square.RSquare'>, {})]",200,"[{'nodes': 128, 'activation': 'softplus', 'l2_reg': 0.0001, 'l1_reg': 0.001}]",0.99,True,PCA(n_components=0.99),1,True,"{'enabled': True, 'contamination': 0.05, 'remove_outliers': False}",False,True,"{'method': <function cosine_annealing_50 at 0x000001BAC637EB80>, 'description': 'Cosine Annealing with 50 epochs cycle'}",True,0.9,val_root_mean_squared_error,<keras.src.engine.sequential.Sequential object at 0x000001BB9C2B7730>,StandardScaler(),IsolationForest(contamination=0.05),"[1.28890305e+01 3.06942322e+02 1.32064705e+01 1.87356995e+02
 1.75197697e+01 1.23432808e-01 1.25365934e+01 2.24720836e-02]",[0. 0. 0. 0. 0. 0. 0. 0.],13.20647105726056,10.151018160267672,0.561716404732474,0.10933649567548293,-0.3558823328388394,16.0963972160146,12.14803935549379,9.391505413863001,10.560581670877252,0.5663169792660097,0.03818425467154562,-0.24124696895762518,-0.7208124327418657,16.572059511822175,12.544908223175579,9.815637569837865,10.830386081079077,0.5719034720512189,0.03947543952696835,0.038829847099256985,0.038819113356688986,0.03882447985703038
0.01,64,"(<class 'keras.src.optimizers.adam.Adam'>, {'beta_1': 0.99, 'beta_2': 0.9995, 'epsilon': 1e-06, 'amsgrad': False, 'learning_rate': 0.1})",<class 'keras.src.optimizers.adam.Adam'>,"{'beta_1': 0.99, 'beta_2': 0.9995, 'epsilon': 1e-06, 'amsgrad': False, 'learning_rate': 0.1}","(<class 'keras.src.losses.Huber'>, {'reduction': 'auto'})",<class 'keras.src.losses.Huber'>,{'reduction': 'auto'},"[(<class 'keras.src.metrics.regression_metrics.MeanSquaredError'>, {}), (<class 'keras.src.metrics.regression_metrics.MeanAbsoluteError'>, {}), (<class 'keras.src.metrics.regression_metrics.MeanAbsolutePercentageError'>, {}), (<class 'keras.src.metrics.regression_metrics.RootMeanSquaredError'>, {}), (<class 'keras.src.metrics.regression_metrics.CosineSimilarity'>, {}), (<class 'keras.src.metrics.regression_metrics.LogCoshError'>, {}), (<class 'tensorflow_addons.metrics.r_square.RSquare'>, {})]",200,"[{'nodes': 128, 'activation': 'softplus', 'l2_reg': 0.0001, 'l1_reg': 0.001}]",0.99,True,PCA(n_components=0.99),1,True,"{'enabled': True, 'contamination': 0.05, 'remove_outliers': False}",False,True,"{'method': <function cosine_annealing_50 at 0x000001BAC637EB80>, 'description': 'Cosine Annealing with 50 epochs cycle'}",True,0.9,val_root_mean_squared_error,<keras.src.engine.sequential.Sequential object at 0x000001BBA197D940>,StandardScaler(),IsolationForest(contamination=0.05),"[1.28770447e+01 3.07306427e+02 1.32191238e+01 1.65502640e+02
 1.75301571e+01 1.13544054e-01 1.25486240e+01 2.13124752e-02]",[0. 0. 0. 0. 0. 0. 0. 0.],13.219124313713165,10.159638034358238,0.5567720289599153,-0.2254761364608932,-0.6703184601425987,16.11681667922896,12.156234862795275,9.37782598613344,10.584108619203189,0.5641270177669457,0.03958521100363203,-0.6193185925651157,-1.044688260090767,16.601991723828636,12.557034715673296,9.768806246980395,10.877094964964243,0.5626692932775178,0.04405819184274938,0.04182170142319071,0.041702101090670414,0.04176185844204893
0.01,128,"(<class 'keras.src.optimizers.adam.Adam'>, {'beta_1': 0.99, 'beta_2': 0.9995, 'epsilon': 1e-06, 'amsgrad': False, 'learning_rate': 0.1})",<class 'keras.src.optimizers.adam.Adam'>,"{'beta_1': 0.99, 'beta_2': 0.9995, 'epsilon': 1e-06, 'amsgrad': False, 'learning_rate': 0.1}","(<class 'keras.src.losses.Huber'>, {'reduction': 'auto'})",<class 'keras.src.losses.Huber'>,{'reduction': 'auto'},"[(<class 'keras.src.metrics.regression_metrics.MeanSquaredError'>, {}), (<class 'keras.src.metrics.regression_metrics.MeanAbsoluteError'>, {}), (<class 'keras.src.metrics.regression_metrics.MeanAbsolutePercentageError'>, {}), (<class 'keras.src.metrics.regression_metrics.RootMeanSquaredError'>, {}), (<class 'keras.src.metrics.regression_metrics.CosineSimilarity'>, {}), (<class 'keras.src.metrics.regression_metrics.LogCoshError'>, {}), (<class 'tensorflow_addons.metrics.r_square.RSquare'>, {})]",200,"[{'nodes': 128, 'activation': 'softplus', 'l2_reg': 0.0001, 'l1_reg': 0.001}]",0.99,True,PCA(n_components=0.99),1,True,"{'enabled': True, 'contamination': 0.05, 'remove_outliers': False}",False,True,"{'method': <function cosine_annealing_50 at 0x000001BAC637EB80>, 'description': 'Cosine Annealing with 50 epochs cycle'}",True,0.9,val_root_mean_squared_error,<keras.src.engine.sequential.Sequential object at 0x000001BBA4EB7580>,StandardScaler(),IsolationForest(contamination=0.05),"[1.28298492e+01 3.06745850e+02 1.31956768e+01 1.58357376e+02
 1.75141621e+01 1.27670839e-01 1.25256033e+01 2.30978131e-02]",[0. 0. 0. 0. 0. 0. 0. 0.],13.195680842828967,10.130489981460842,0.5638354229207134,0.2104832745604306,-0.29675588686888377,16.10058597016755,12.134460516887778,9.353160400489205,10.584084284921365,0.5678005015718272,0.04211129682213699,-0.17824773427950363,-0.6402436502620316,16.58426214165422,12.53508209314074,9.753061535561205,10.859184844061204,0.5690716572272839,0.045598915194451334,0.04385510600829416,0.04378576697905658,0.043820422778893774
0.1,32,"(<class 'keras.src.optimizers.adam.Adam'>, {'beta_1': 0.99, 'beta_2': 0.9995, 'epsilon': 1e-06, 'amsgrad': False, 'learning_rate': 0.1})",<class 'keras.src.optimizers.adam.Adam'>,"{'beta_1': 0.99, 'beta_2': 0.9995, 'epsilon': 1e-06, 'amsgrad': False, 'learning_rate': 0.1}","(<class 'keras.src.losses.Huber'>, {'reduction': 'auto'})",<class 'keras.src.losses.Huber'>,{'reduction': 'auto'},"[(<class 'keras.src.metrics.regression_metrics.MeanSquaredError'>, {}), (<class 'keras.src.metrics.regression_metrics.MeanAbsoluteError'>, {}), (<class 'keras.src.metrics.regression_metrics.MeanAbsolutePercentageError'>, {}), (<class 'keras.src.metrics.regression_metrics.RootMeanSquaredError'>, {}), (<class 'keras.src.metrics.regression_metrics.CosineSimilarity'>, {}), (<class 'keras.src.metrics.regression_metrics.LogCoshError'>, {}), (<class 'tensorflow_addons.metrics.r_square.RSquare'>, {})]",200,"[{'nodes': 128, 'activation': 'softplus', 'l2_reg': 0.0001, 'l1_reg': 0.001}]",0.99,True,PCA(n_components=0.99),1,True,"{'enabled': True, 'contamination': 0.05, 'remove_outliers': False}",False,True,"{'method': <function cosine_annealing_50 at 0x000001BAC637EB80>, 'description': 'Cosine Annealing with 50 epochs cycle'}",True,0.9,val_root_mean_squared_error,<keras.src.engine.sequential.Sequential object at 0x000001BBA81A27F0>,StandardScaler(),IsolationForest(contamination=0.05),"[1.33125162e+01 3.11311432e+02 1.33322716e+01 1.51058670e+02
 1.76440201e+01 8.63499939e-02 1.26638041e+01 8.55767727e-03]",[0. 0. 0. 0. 0. 0. 0. 0.],13.3322760988929,10.363494877780767,0.5431749955853787,0.19418363287625665,-0.2595293479983929,16.248788120414034,12.33444409511514,9.684717075721354,10.579080245542709,0.5498922680230299,0.008155459429305031,-0.09489101387842952,-0.4363109485383073,16.828089591386952,12.772212469368174,10.096829597492352,10.956464119010812,0.5493720758433883,0.011958954036376984,0.010057206732841007,0.00969759964684003,0.009875766525216973
0.1,64,"(<class 'keras.src.optimizers.adam.Adam'>, {'beta_1': 0.99, 'beta_2': 0.9995, 'epsilon': 1e-06, 'amsgrad': False, 'learning_rate': 0.1})",<class 'keras.src.optimizers.adam.Adam'>,"{'beta_1': 0.99, 'beta_2': 0.9995, 'epsilon': 1e-06, 'amsgrad': False, 'learning_rate': 0.1}","(<class 'keras.src.losses.Huber'>, {'reduction': 'auto'})",<class 'keras.src.losses.Huber'>,{'reduction': 'auto'},"[(<class 'keras.src.metrics.regression_metrics.MeanSquaredError'>, {}), (<class 'keras.src.metrics.regression_metrics.MeanAbsoluteError'>, {}), (<class 'keras.src.metrics.regression_metrics.MeanAbsolutePercentageError'>, {}), (<class 'keras.src.metrics.regression_metrics.RootMeanSquaredError'>, {}), (<class 'keras.src.metrics.regression_metrics.CosineSimilarity'>, {}), (<class 'keras.src.metrics.regression_metrics.LogCoshError'>, {}), (<class 'tensorflow_addons.metrics.r_square.RSquare'>, {})]",200,"[{'nodes': 128, 'activation': 'softplus', 'l2_reg': 0.0001, 'l1_reg': 0.001}]",0.99,True,PCA(n_components=0.99),1,True,"{'enabled': True, 'contamination': 0.05, 'remove_outliers': False}",False,True,"{'method': <function cosine_annealing_50 at 0x000001BAC637EB80>, 'description': 'Cosine Annealing with 50 epochs cycle'}",True,0.9,val_root_mean_squared_error,<keras.src.engine.sequential.Sequential object at 0x000001BB9CB40F40>,StandardScaler(),IsolationForest(contamination=0.05),"[1.32393579e+01 3.09228638e+02 1.33031054e+01 2.22505371e+02
 1.75848980e+01 1.05774328e-01 1.26334953e+01 1.51907802e-02]",[0. 0. 0. 0. 0. 0. 0. 0.],13.303105450690255,10.327005302761043,0.5528871622814763,-0.8789844847729101,-1.1411998417767153,16.28468559333077,12.345474912931682,9.640142554043834,10.655866526328268,0.5547313764967681,0.0127204865363158,-1.2383344953167392,-1.4710872528261774,16.719262820771586,12.69884820594185,10.015237675062117,10.944715958420824,0.5566362964786998,0.01994325916916578,0.016331872852740792,0.015533304847463123,0.01592758486876243
0.1,128,"(<class 'keras.src.optimizers.adam.Adam'>, {'beta_1': 0.99, 'beta_2': 0.9995, 'epsilon': 1e-06, 'amsgrad': False, 'learning_rate': 0.1})",<class 'keras.src.optimizers.adam.Adam'>,"{'beta_1': 0.99, 'beta_2': 0.9995, 'epsilon': 1e-06, 'amsgrad': False, 'learning_rate': 0.1}","(<class 'keras.src.losses.Huber'>, {'reduction': 'auto'})",<class 'keras.src.losses.Huber'>,{'reduction': 'auto'},"[(<class 'keras.src.metrics.regression_metrics.MeanSquaredError'>, {}), (<class 'keras.src.metrics.regression_metrics.MeanAbsoluteError'>, {}), (<class 'keras.src.metrics.regression_metrics.MeanAbsolutePercentageError'>, {}), (<class 'keras.src.metrics.regression_metrics.RootMeanSquaredError'>, {}), (<class 'keras.src.metrics.regression_metrics.CosineSimilarity'>, {}), (<class 'keras.src.metrics.regression_metrics.LogCoshError'>, {}), (<class 'tensorflow_addons.metrics.r_square.RSquare'>, {})]",200,"[{'nodes': 128, 'activation': 'softplus', 'l2_reg': 0.0001, 'l1_reg': 0.001}]",0.99,True,PCA(n_components=0.99),1,True,"{'enabled': True, 'contamination': 0.05, 'remove_outliers': False}",False,True,"{'method': <function cosine_annealing_50 at 0x000001BAC637EB80>, 'description': 'Cosine Annealing with 50 epochs cycle'}",True,0.9,val_root_mean_squared_error,<keras.src.engine.sequential.Sequential object at 0x000001BAACD1F130>,StandardScaler(),IsolationForest(contamination=0.05),"[1.31069965e+01 3.07902313e+02 1.32661934e+01 1.29829010e+02
 1.75471458e+01 1.23785980e-01 1.25961132e+01 1.94147229e-02]",[0. 0. 0. 0. 0. 0. 0. 0.],13.266194926056798,10.255306415529155,0.5618929895814939,0.41380862487418124,-0.05127213294457502,16.27085261536063,12.314277183759813,9.629616600209243,10.642608206524761,0.5585108261806365,0.013798484970705877,-0.02442244698907634,-0.36394800069503686,16.623681966674425,12.665282194153702,10.02835478185408,10.766534873608052,0.5636542723467126,0.018659664176340848,0.016229074573523364,0.01586505099407894,0.016046030527693073
0.001,64,"(<class 'keras.src.optimizers.adam.Adam'>, {'beta_1': 0.9, 'beta_2': 0.999, 'epsilon': 1e-07, 'amsgrad': False, 'learning_rate': 0.001})",<class 'keras.src.optimizers.adam.Adam'>,"{'beta_1': 0.9, 'beta_2': 0.999, 'epsilon': 1e-07, 'amsgrad': False, 'learning_rate': 0.001}","(<class 'keras.src.losses.Huber'>, {'reduction': 'auto'})",<class 'keras.src.losses.Huber'>,{'reduction': 'auto'},"[(<class 'keras.src.metrics.regression_metrics.MeanSquaredError'>, {}), (<class 'keras.src.metrics.regression_metrics.MeanAbsoluteError'>, {}), (<class 'keras.src.metrics.regression_metrics.MeanAbsolutePercentageError'>, {}), (<class 'keras.src.metrics.regression_metrics.RootMeanSquaredError'>, {}), (<class 'keras.src.metrics.regression_metrics.CosineSimilarity'>, {}), (<class 'keras.src.metrics.regression_metrics.LogCoshError'>, {}), (<class 'tensorflow_addons.metrics.r_square.RSquare'>, {})]",200,"[{'nodes': 128, 'activation': 'softplus', 'l2_reg': 0.0001, 'l1_reg': 0.001}]",0.99,True,PCA(n_components=0.99),1,True,"{'enabled': True, 'contamination': 0.05, 'remove_outliers': False}",False,True,"{'method': <function cosine_annealing_50 at 0x000001BAC637EB80>, 'description': 'Cosine Annealing with 50 epochs cycle'}",True,0.9,val_root_mean_squared_error,<keras.src.engine.sequential.Sequential object at 0x000001BA94709730>,StandardScaler(),IsolationForest(contamination=0.05),"[1.27710962e+01 3.07613220e+02 1.32027664e+01 1.75142807e+02
 1.75389061e+01 1.22373298e-01 1.25330009e+01 2.03353763e-02]",[0. 0. 0. 0. 0. 0. 0. 0.],13.2027656236094,10.065945234126964,0.5611866501854141,0.22635384291938795,-0.2828710957163746,16.1335183587598,12.139980984283598,9.333553297131042,10.628137574468868,0.5676238917735156,0.04411932640835506,-0.14506204620143096,-0.5768153404505546,16.621568456985322,12.54497052814432,9.763248921298821,10.904215656216792,0.5725190839694656,0.04460201263581757,0.04436066952208631,0.04435935650090848,0.044360013006639346
0.001,64,"(<class 'keras.src.optimizers.adam.Adam'>, {'beta_1': 0.85, 'beta_2': 0.95, 'epsilon': 1e-08, 'amsgrad': False, 'learning_rate': 0.001})",<class 'keras.src.optimizers.adam.Adam'>,"{'beta_1': 0.85, 'beta_2': 0.95, 'epsilon': 1e-08, 'amsgrad': False, 'learning_rate': 0.001}","(<class 'keras.src.losses.Huber'>, {'reduction': 'auto'})",<class 'keras.src.losses.Huber'>,{'reduction': 'auto'},"[(<class 'keras.src.metrics.regression_metrics.MeanSquaredError'>, {}), (<class 'keras.src.metrics.regression_metrics.MeanAbsoluteError'>, {}), (<class 'keras.src.metrics.regression_metrics.MeanAbsolutePercentageError'>, {}), (<class 'keras.src.metrics.regression_metrics.RootMeanSquaredError'>, {}), (<class 'keras.src.metrics.regression_metrics.CosineSimilarity'>, {}), (<class 'keras.src.metrics.regression_metrics.LogCoshError'>, {}), (<class 'tensorflow_addons.metrics.r_square.RSquare'>, {})]",200,"[{'nodes': 128, 'activation': 'softplus', 'l2_reg': 0.0001, 'l1_reg': 0.001}]",0.99,True,PCA(n_components=0.99),1,True,"{'enabled': True, 'contamination': 0.05, 'remove_outliers': False}",False,True,"{'method': <function cosine_annealing_50 at 0x000001BAC637EB80>, 'description': 'Cosine Annealing with 50 epochs cycle'}",True,0.9,val_root_mean_squared_error,<keras.src.engine.sequential.Sequential object at 0x000001BAB31C2490>,StandardScaler(),IsolationForest(contamination=0.05),"[1.27557678e+01 3.07425812e+02 1.31950464e+01 1.69734482e+02
 1.75335617e+01 1.24492317e-01 1.25251989e+01 2.09323168e-02]",[0. 0. 0. 0. 0. 0. 0. 0.],13.195044263758485,10.096067771272569,0.5622461592795338,0.4582608181050232,-0.07002268294889236,16.139405047704084,12.14009245858575,9.290967290842866,10.64440485827024,0.5683656529264244,0.04848070294743066,0.07692121980170528,-0.4108162625421775,16.628243549405862,12.541767153844393,9.740982207926159,10.917376459844698,0.5736271854223097,0.04678095668537958,0.047630829816405124,0.04761566559731376,0.04762324710328463
0.001,64,"(<class 'keras.src.optimizers.adam.Adam'>, {'beta_1': 0.99, 'beta_2': 0.9995, 'epsilon': 1e-06, 'amsgrad': False, 'learning_rate': 0.001})",<class 'keras.src.optimizers.adam.Adam'>,"{'beta_1': 0.99, 'beta_2': 0.9995, 'epsilon': 1e-06, 'amsgrad': False, 'learning_rate': 0.001}","(<class 'keras.src.losses.Huber'>, {'reduction': 'auto'})",<class 'keras.src.losses.Huber'>,{'reduction': 'auto'},"[(<class 'keras.src.metrics.regression_metrics.MeanSquaredError'>, {}), (<class 'keras.src.metrics.regression_metrics.MeanAbsoluteError'>, {}), (<class 'keras.src.metrics.regression_metrics.MeanAbsolutePercentageError'>, {}), (<class 'keras.src.metrics.regression_metrics.RootMeanSquaredError'>, {}), (<class 'keras.src.metrics.regression_metrics.CosineSimilarity'>, {}), (<class 'keras.src.metrics.regression_metrics.LogCoshError'>, {}), (<class 'tensorflow_addons.metrics.r_square.RSquare'>, {})]",200,"[{'nodes': 128, 'activation': 'softplus', 'l2_reg': 0.0001, 'l1_reg': 0.001}]",0.99,True,PCA(n_components=0.99),1,True,"{'enabled': True, 'contamination': 0.05, 'remove_outliers': False}",False,True,"{'method': <function cosine_annealing_50 at 0x000001BAC637EB80>, 'description': 'Cosine Annealing with 50 epochs cycle'}",True,0.9,val_root_mean_squared_error,<keras.src.engine.sequential.Sequential object at 0x000001BAB0EB8790>,StandardScaler(),IsolationForest(contamination=0.05),"[1.27627153e+01 3.07527649e+02 1.31949663e+01 1.81864777e+02
 1.75364666e+01 1.25198662e-01 1.25255623e+01 2.06079483e-02]",[0. 0. 0. 0. 0. 0. 0. 0.],13.194962068573844,10.076403125716812,0.5625993289775737,0.46454011734766965,-0.06401561401415079,16.131761513645802,12.136496027126919,9.29783169482907,10.637189287802235,0.5680830772491258,0.04777769618277719,0.08150487492332828,-0.36822299464047237,16.632905883481936,12.542236861846375,9.692833181322392,10.92397024932541,0.5739965525732578,0.05149265496139399,0.04963517557208559,0.04956566378650331,0.04960040750225805
0.001,64,"(<class 'keras.src.optimizers.rmsprop.RMSprop'>, {'rho': 0.9, 'momentum': 0.0, 'epsilon': 1e-07, 'centered': False, 'learning_rate': 0.001})",<class 'keras.src.optimizers.rmsprop.RMSprop'>,"{'rho': 0.9, 'momentum': 0.0, 'epsilon': 1e-07, 'centered': False, 'learning_rate': 0.001}","(<class 'keras.src.losses.Huber'>, {'reduction': 'auto'})",<class 'keras.src.losses.Huber'>,{'reduction': 'auto'},"[(<class 'keras.src.metrics.regression_metrics.MeanSquaredError'>, {}), (<class 'keras.src.metrics.regression_metrics.MeanAbsoluteError'>, {}), (<class 'keras.src.metrics.regression_metrics.MeanAbsolutePercentageError'>, {}), (<class 'keras.src.metrics.regression_metrics.RootMeanSquaredError'>, {}), (<class 'keras.src.metrics.regression_metrics.CosineSimilarity'>, {}), (<class 'keras.src.metrics.regression_metrics.LogCoshError'>, {}), (<class 'tensorflow_addons.metrics.r_square.RSquare'>, {})]",200,"[{'nodes': 128, 'activation': 'softplus', 'l2_reg': 0.0001, 'l1_reg': 0.001}]",0.99,True,PCA(n_components=0.99),1,True,"{'enabled': True, 'contamination': 0.05, 'remove_outliers': False}",False,True,"{'method': <function cosine_annealing_50 at 0x000001BAC637EB80>, 'description': 'Cosine Annealing with 50 epochs cycle'}",True,0.9,val_root_mean_squared_error,<keras.src.engine.sequential.Sequential object at 0x000001BAF83B3DC0>,StandardScaler(),IsolationForest(contamination=0.05),"[1.27559938e+01 3.07319672e+02 1.31953583e+01 1.67625351e+02
 1.75305347e+01 1.20960623e-01 1.25256777e+01 2.12703347e-02]",[0. 0. 0. 0. 0. 0. 0. 0.],13.195359899162979,10.049959348284606,0.5604803107893342,0.361411723381828,-0.1655420741888991,16.124427652868082,12.13483292690026,9.299251750790393,10.623954938104145,0.5688248384020346,0.04763226346217919,-0.044973301176675584,-0.5081425058341497,16.61454924506872,12.538645572238817,9.754417419834342,10.89992097605252,0.5727653287367643,0.04546623301907141,0.0465492482406253,0.04652405079889533,0.04653664781435423
0.001,64,"(<class 'keras.src.optimizers.rmsprop.RMSprop'>, {'rho': 0.8, 'momentum': 0.1, 'epsilon': 1e-08, 'centered': True, 'learning_rate': 0.001})",<class 'keras.src.optimizers.rmsprop.RMSprop'>,"{'rho': 0.8, 'momentum': 0.1, 'epsilon': 1e-08, 'centered': True, 'learning_rate': 0.001}","(<class 'keras.src.losses.Huber'>, {'reduction': 'auto'})",<class 'keras.src.losses.Huber'>,{'reduction': 'auto'},"[(<class 'keras.src.metrics.regression_metrics.MeanSquaredError'>, {}), (<class 'keras.src.metrics.regression_metrics.MeanAbsoluteError'>, {}), (<class 'keras.src.metrics.regression_metrics.MeanAbsolutePercentageError'>, {}), (<class 'keras.src.metrics.regression_metrics.RootMeanSquaredError'>, {}), (<class 'keras.src.metrics.regression_metrics.CosineSimilarity'>, {}), (<class 'keras.src.metrics.regression_metrics.LogCoshError'>, {}), (<class 'tensorflow_addons.metrics.r_square.RSquare'>, {})]",200,"[{'nodes': 128, 'activation': 'softplus', 'l2_reg': 0.0001, 'l1_reg': 0.001}]",0.99,True,PCA(n_components=0.99),1,True,"{'enabled': True, 'contamination': 0.05, 'remove_outliers': False}",False,True,"{'method': <function cosine_annealing_50 at 0x000001BAC637EB80>, 'description': 'Cosine Annealing with 50 epochs cycle'}",True,0.9,val_root_mean_squared_error,<keras.src.engine.sequential.Sequential object at 0x000001BA877BC4C0>,StandardScaler(),IsolationForest(contamination=0.05),"[1.27594624e+01 3.07452850e+02 1.31957140e+01 1.73157501e+02
 1.75343342e+01 1.24845490e-01 1.25262384e+01 2.08461881e-02]",[0. 0. 0. 0. 0. 0. 0. 0.],13.195708451230837,10.111853378697237,0.5624227441285538,0.5473495386689607,0.03431136052617445,16.121112135972343,12.136317498305791,9.31297343096614,10.625180159346334,0.5678711454911518,0.04622697991456887,0.15800299514122323,-0.26602040902577945,16.61324298618846,12.542156894604311,9.770241501671377,10.894941061440514,0.5739965525732578,0.04391774275104101,0.04507236133280494,0.04504278347111913,0.04505756997492847
0.001,64,"(<class 'keras.src.optimizers.sgd.SGD'>, {'momentum': 0.9, 'nesterov': True, 'learning_rate': 0.001})",<class 'keras.src.optimizers.sgd.SGD'>,"{'momentum': 0.9, 'nesterov': True, 'learning_rate': 0.001}","(<class 'keras.src.losses.Huber'>, {'reduction': 'auto'})",<class 'keras.src.losses.Huber'>,{'reduction': 'auto'},"[(<class 'keras.src.metrics.regression_metrics.MeanSquaredError'>, {}), (<class 'keras.src.metrics.regression_metrics.MeanAbsoluteError'>, {}), (<class 'keras.src.metrics.regression_metrics.MeanAbsolutePercentageError'>, {}), (<class 'keras.src.metrics.regression_metrics.RootMeanSquaredError'>, {}), (<class 'keras.src.metrics.regression_metrics.CosineSimilarity'>, {}), (<class 'keras.src.metrics.regression_metrics.LogCoshError'>, {}), (<class 'tensorflow_addons.metrics.r_square.RSquare'>, {})]",200,"[{'nodes': 128, 'activation': 'softplus', 'l2_reg': 0.0001, 'l1_reg': 0.001}]",0.99,True,PCA(n_components=0.99),1,True,"{'enabled': True, 'contamination': 0.05, 'remove_outliers': False}",False,True,"{'method': <function cosine_annealing_50 at 0x000001BAC637EB80>, 'description': 'Cosine Annealing with 50 epochs cycle'}",True,0.9,val_root_mean_squared_error,<keras.src.engine.sequential.Sequential object at 0x000001BAB284D310>,StandardScaler(),IsolationForest(contamination=0.05),"[1.28284330e+01 3.09527710e+02 1.32521954e+01 1.52637741e+02
 1.75933990e+01 1.24492317e-01 1.25829315e+01 1.42383575e-02]",[0. 0. 0. 0. 0. 0. 0. 0.],13.252198132011502,10.263433111056221,0.5622461592795338,0.36047853278206893,-0.09691117345743494,16.156548701018064,12.207422569198277,9.463192582504773,10.589503557887985,0.568542262724736,0.030842529942739765,0.055188910603614035,-0.42995052633517716,16.700274621733946,12.635544380502113,9.892243097975289,10.919046527599319,0.5765821226298942,0.03197908580358823,0.031410807873164,0.03140052670473587,0.03140566686823596
0.001,64,"(<class 'keras.src.optimizers.sgd.SGD'>, {'momentum': 0.5, 'nesterov': False, 'learning_rate': 0.001})",<class 'keras.src.optimizers.sgd.SGD'>,"{'momentum': 0.5, 'nesterov': False, 'learning_rate': 0.001}","(<class 'keras.src.losses.Huber'>, {'reduction': 'auto'})",<class 'keras.src.losses.Huber'>,{'reduction': 'auto'},"[(<class 'keras.src.metrics.regression_metrics.MeanSquaredError'>, {}), (<class 'keras.src.metrics.regression_metrics.MeanAbsoluteError'>, {}), (<class 'keras.src.metrics.regression_metrics.MeanAbsolutePercentageError'>, {}), (<class 'keras.src.metrics.regression_metrics.RootMeanSquaredError'>, {}), (<class 'keras.src.metrics.regression_metrics.CosineSimilarity'>, {}), (<class 'keras.src.metrics.regression_metrics.LogCoshError'>, {}), (<class 'tensorflow_addons.metrics.r_square.RSquare'>, {})]",200,"[{'nodes': 128, 'activation': 'softplus', 'l2_reg': 0.0001, 'l1_reg': 0.001}]",0.99,True,PCA(n_components=0.99),1,True,"{'enabled': True, 'contamination': 0.05, 'remove_outliers': False}",False,True,"{'method': <function cosine_annealing_50 at 0x000001BAC637EB80>, 'description': 'Cosine Annealing with 50 epochs cycle'}",True,0.9,val_root_mean_squared_error,<keras.src.engine.sequential.Sequential object at 0x000001BA8EA5A880>,StandardScaler(),IsolationForest(contamination=0.05),"[1.29157276e+01 3.12022125e+02 1.33338528e+01 1.20993309e+02
 1.76641483e+01 1.26611337e-01 1.26644917e+01 6.29431009e-03]",[0. 0. 0. 0. 0. 0. 0. 0.],13.33384954600185,10.311803000060868,0.5633056683736536,0.2641579996665602,-0.16713394544829197,16.273731518101346,12.340549329000567,9.68603872403967,10.61176622216461,0.5650807106778284,0.00802010496733902,-0.008386366636771494,-0.4514594289119362,16.84942945805255,12.775667165081007,10.086713667598314,10.984788284962749,0.5717803496675695,0.012948864171721095,0.010484484569530057,0.009905231790490727,0.010190743342122723
0.001,64,"(<class 'keras.src.optimizers.nadam.Nadam'>, {'beta_1': 0.9, 'beta_2': 0.999, 'epsilon': 1e-07, 'learning_rate': 0.001})",<class 'keras.src.optimizers.nadam.Nadam'>,"{'beta_1': 0.9, 'beta_2': 0.999, 'epsilon': 1e-07, 'learning_rate': 0.001}","(<class 'keras.src.losses.Huber'>, {'reduction': 'auto'})",<class 'keras.src.losses.Huber'>,{'reduction': 'auto'},"[(<class 'keras.src.metrics.regression_metrics.MeanSquaredError'>, {}), (<class 'keras.src.metrics.regression_metrics.MeanAbsoluteError'>, {}), (<class 'keras.src.metrics.regression_metrics.MeanAbsolutePercentageError'>, {}), (<class 'keras.src.metrics.regression_metrics.RootMeanSquaredError'>, {}), (<class 'keras.src.metrics.regression_metrics.CosineSimilarity'>, {}), (<class 'keras.src.metrics.regression_metrics.LogCoshError'>, {}), (<class 'tensorflow_addons.metrics.r_square.RSquare'>, {})]",200,"[{'nodes': 128, 'activation': 'softplus', 'l2_reg': 0.0001, 'l1_reg': 0.001}]",0.99,True,PCA(n_components=0.99),1,True,"{'enabled': True, 'contamination': 0.05, 'remove_outliers': False}",False,True,"{'method': <function cosine_annealing_50 at 0x000001BAC637EB80>, 'description': 'Cosine Annealing with 50 epochs cycle'}",True,0.9,val_root_mean_squared_error,<keras.src.engine.sequential.Sequential object at 0x000001BA94968820>,StandardScaler(),IsolationForest(contamination=0.05),"[1.27579088e+01 3.07354279e+02 1.31923094e+01 1.63324585e+02
 1.75315228e+01 1.23079643e-01 1.25227051e+01 2.11601257e-02]",[0. 0. 0. 0. 0. 0. 0. 0.],13.192307631382212,10.060761337068612,0.561539819883454,0.45027847603241977,-0.04666506927974895,16.121041349494508,12.13443047268189,9.308788532774818,10.622670474930965,0.5681183992087881,0.04665556945326723,0.07217376142471627,-0.35685859069116244,16.6118566884479,12.536232800076798,9.762973103119567,10.898738806376699,0.5749815316424526,0.04462900325497132,0.04564228635411928,0.045619790928910886,0.04563103725527619
0.001,64,"(<class 'keras.src.optimizers.nadam.Nadam'>, {'beta_1': 0.85, 'beta_2': 0.95, 'epsilon': 1e-08, 'learning_rate': 0.001})",<class 'keras.src.optimizers.nadam.Nadam'>,"{'beta_1': 0.85, 'beta_2': 0.95, 'epsilon': 1e-08, 'learning_rate': 0.001}","(<class 'keras.src.losses.Huber'>, {'reduction': 'auto'})",<class 'keras.src.losses.Huber'>,{'reduction': 'auto'},"[(<class 'keras.src.metrics.regression_metrics.MeanSquaredError'>, {}), (<class 'keras.src.metrics.regression_metrics.MeanAbsoluteError'>, {}), (<class 'keras.src.metrics.regression_metrics.MeanAbsolutePercentageError'>, {}), (<class 'keras.src.metrics.regression_metrics.RootMeanSquaredError'>, {}), (<class 'keras.src.metrics.regression_metrics.CosineSimilarity'>, {}), (<class 'keras.src.metrics.regression_metrics.LogCoshError'>, {}), (<class 'tensorflow_addons.metrics.r_square.RSquare'>, {})]",200,"[{'nodes': 128, 'activation': 'softplus', 'l2_reg': 0.0001, 'l1_reg': 0.001}]",0.99,True,PCA(n_components=0.99),1,True,"{'enabled': True, 'contamination': 0.05, 'remove_outliers': False}",False,True,"{'method': <function cosine_annealing_50 at 0x000001BAC637EB80>, 'description': 'Cosine Annealing with 50 epochs cycle'}",True,0.9,val_root_mean_squared_error,<keras.src.engine.sequential.Sequential object at 0x000001BAC66204F0>,StandardScaler(),IsolationForest(contamination=0.05),"[1.27641916e+01 3.07617859e+02 1.32008820e+01 1.73153870e+02
 1.75390377e+01 1.24139152e-01 1.25310745e+01 2.03207135e-02]",[0. 0. 0. 0. 0. 0. 0. 0.],13.200882300152106,10.087316508626273,0.5620695744305139,0.3611007569813256,-0.11642674222940957,16.12188451873207,12.134609847281133,9.323019500505987,10.620339041380639,0.5688954823213592,0.04519812804936883,-0.01831270123489653,-0.42464371464859685,16.616672160930726,12.538597746849609,9.777027219866461,10.9031342465035,0.5723959615858163,0.04325371568805573,0.044225921868712284,0.04420455012974633,0.04421523470795712
0.001,64,"(<class 'keras.src.optimizers.adadelta.Adadelta'>, {'rho': 0.95, 'epsilon': 1e-07, 'learning_rate': 0.001})",<class 'keras.src.optimizers.adadelta.Adadelta'>,"{'rho': 0.95, 'epsilon': 1e-07, 'learning_rate': 0.001}","(<class 'keras.src.losses.Huber'>, {'reduction': 'auto'})",<class 'keras.src.losses.Huber'>,{'reduction': 'auto'},"[(<class 'keras.src.metrics.regression_metrics.MeanSquaredError'>, {}), (<class 'keras.src.metrics.regression_metrics.MeanAbsoluteError'>, {}), (<class 'keras.src.metrics.regression_metrics.MeanAbsolutePercentageError'>, {}), (<class 'keras.src.metrics.regression_metrics.RootMeanSquaredError'>, {}), (<class 'keras.src.metrics.regression_metrics.CosineSimilarity'>, {}), (<class 'keras.src.metrics.regression_metrics.LogCoshError'>, {}), (<class 'tensorflow_addons.metrics.r_square.RSquare'>, {})]",200,"[{'nodes': 128, 'activation': 'softplus', 'l2_reg': 0.0001, 'l1_reg': 0.001}]",0.99,True,PCA(n_components=0.99),1,True,"{'enabled': True, 'contamination': 0.05, 'remove_outliers': False}",False,True,"{'method': <function cosine_annealing_50 at 0x000001BAC637EB80>, 'description': 'Cosine Annealing with 50 epochs cycle'}",True,0.9,val_root_mean_squared_error,<keras.src.engine.sequential.Sequential object at 0x000001BAA237B310>,StandardScaler(),IsolationForest(contamination=0.05),"[ 1.32740211e+01  3.21959015e+02  1.36932173e+01  2.84006592e+02
  1.79432163e+01 -4.82076630e-02  1.30202627e+01 -2.53520012e-02]",[0. 0. 0. 0. 0. 0. 0. 0.],13.693217108309778,10.806086260931487,0.4758961681087763,-2.8418884733022423,-3.2055846480964956,16.42317077777299,12.770328437891827,10.151564395243904,10.710280332777149,0.4911518491045883,-0.03965594915683741,-2.977096521569318,-3.2459030044760118,17.037104239881003,13.220914442431612,10.736168609573237,11.14957459892892,0.4857178034966757,-0.050604564553521234,-0.045130256855179324,-0.044466222416547796,
0.001,64,"(<class 'keras.src.optimizers.adadelta.Adadelta'>, {'rho': 0.9, 'epsilon': 1e-08, 'learning_rate': 0.001})",<class 'keras.src.optimizers.adadelta.Adadelta'>,"{'rho': 0.9, 'epsilon': 1e-08, 'learning_rate': 0.001}","(<class 'keras.src.losses.Huber'>, {'reduction': 'auto'})",<class 'keras.src.losses.Huber'>,{'reduction': 'auto'},"[(<class 'keras.src.metrics.regression_metrics.MeanSquaredError'>, {}), (<class 'keras.src.metrics.regression_metrics.MeanAbsoluteError'>, {}), (<class 'keras.src.metrics.regression_metrics.MeanAbsolutePercentageError'>, {}), (<class 'keras.src.metrics.regression_metrics.RootMeanSquaredError'>, {}), (<class 'keras.src.metrics.regression_metrics.CosineSimilarity'>, {}), (<class 'keras.src.metrics.regression_metrics.LogCoshError'>, {}), (<class 'tensorflow_addons.metrics.r_square.RSquare'>, {})]",200,"[{'nodes': 128, 'activation': 'softplus', 'l2_reg': 0.0001, 'l1_reg': 0.001}]",0.99,True,PCA(n_components=0.99),1,True,"{'enabled': True, 'contamination': 0.05, 'remove_outliers': False}",False,True,"{'method': <function cosine_annealing_50 at 0x000001BAC637EB80>, 'description': 'Cosine Annealing with 50 epochs cycle'}",True,0.9,val_root_mean_squared_error,<keras.src.engine.sequential.Sequential object at 0x000001BAB27F8E50>,StandardScaler(),IsolationForest(contamination=0.05),"[ 1.30067444e+01  3.14665649e+02  1.34226971e+01  1.13122536e+02
  1.77388172e+01 -3.00194183e-03  1.27534723e+01 -2.12454796e-03]",[0. 0. 0. 0. 0. 0. 0. 0.],13.422697540609088,10.443621421635168,0.4984990287833304,0.09924480873227708,-0.3269189866314878,16.35517740795135,12.42091576852202,9.797102168176187,10.640351486791594,0.49701529440853376,-0.0033542769441301406,-0.18322225702822503,-0.6577412920615485,16.94623668845564,12.862652289513903,10.216217336604526,11.033599397778884,0.4878108840187146,0.0002760801710083045,-0.001539098386560918,0.0006016830115805004,
0.001,64,"(<class 'keras.src.optimizers.adagrad.Adagrad'>, {'initial_accumulator_value': 0.1, 'epsilon': 1e-07, 'learning_rate': 0.001})",<class 'keras.src.optimizers.adagrad.Adagrad'>,"{'initial_accumulator_value': 0.1, 'epsilon': 1e-07, 'learning_rate': 0.001}","(<class 'keras.src.losses.Huber'>, {'reduction': 'auto'})",<class 'keras.src.losses.Huber'>,{'reduction': 'auto'},"[(<class 'keras.src.metrics.regression_metrics.MeanSquaredError'>, {}), (<class 'keras.src.metrics.regression_metrics.MeanAbsoluteError'>, {}), (<class 'keras.src.metrics.regression_metrics.MeanAbsolutePercentageError'>, {}), (<class 'keras.src.metrics.regression_metrics.RootMeanSquaredError'>, {}), (<class 'keras.src.metrics.regression_metrics.CosineSimilarity'>, {}), (<class 'keras.src.metrics.regression_metrics.LogCoshError'>, {}), (<class 'tensorflow_addons.metrics.r_square.RSquare'>, {})]",200,"[{'nodes': 128, 'activation': 'softplus', 'l2_reg': 0.0001, 'l1_reg': 0.001}]",0.99,True,PCA(n_components=0.99),1,True,"{'enabled': True, 'contamination': 0.05, 'remove_outliers': False}",False,True,"{'method': <function cosine_annealing_50 at 0x000001BAC637EB80>, 'description': 'Cosine Annealing with 50 epochs cycle'}",True,0.9,val_root_mean_squared_error,<keras.src.engine.sequential.Sequential object at 0x000001BAAA1F4D30>,StandardScaler(),IsolationForest(contamination=0.05),"[1.29433727e+01 3.13022522e+02 1.33623600e+01 1.91861740e+02
 1.76924419e+01 4.89140041e-02 1.26919880e+01 3.10832262e-03]",[0. 0. 0. 0. 0. 0. 0. 0.],13.362362214105806,10.357622170715132,0.5244570015892637,0.5614504916116128,0.10983278660390008,16.3065054749396,12.371371794215325,9.690181127715713,10.637721197526991,0.5259793013316378,0.007595867435277092,0.2353321240616402,-0.16671564183760174,16.892777854787067,12.802116140007668,10.122069548345461,11.02302011657617,0.5263481901009603,0.00948905918471285,0.00854246330999497,0.008437570409959393,0.008489854866402448
0.001,64,"(<class 'keras.src.optimizers.adagrad.Adagrad'>, {'initial_accumulator_value': 0.01, 'epsilon': 1e-08, 'learning_rate': 0.001})",<class 'keras.src.optimizers.adagrad.Adagrad'>,"{'initial_accumulator_value': 0.01, 'epsilon': 1e-08, 'learning_rate': 0.001}","(<class 'keras.src.losses.Huber'>, {'reduction': 'auto'})",<class 'keras.src.losses.Huber'>,{'reduction': 'auto'},"[(<class 'keras.src.metrics.regression_metrics.MeanSquaredError'>, {}), (<class 'keras.src.metrics.regression_metrics.MeanAbsoluteError'>, {}), (<class 'keras.src.metrics.regression_metrics.MeanAbsolutePercentageError'>, {}), (<class 'keras.src.metrics.regression_metrics.RootMeanSquaredError'>, {}), (<class 'keras.src.metrics.regression_metrics.CosineSimilarity'>, {}), (<class 'keras.src.metrics.regression_metrics.LogCoshError'>, {}), (<class 'tensorflow_addons.metrics.r_square.RSquare'>, {})]",200,"[{'nodes': 128, 'activation': 'softplus', 'l2_reg': 0.0001, 'l1_reg': 0.001}]",0.99,True,PCA(n_components=0.99),1,True,"{'enabled': True, 'contamination': 0.05, 'remove_outliers': False}",False,True,"{'method': <function cosine_annealing_50 at 0x000001BAC637EB80>, 'description': 'Cosine Annealing with 50 epochs cycle'}",True,0.9,val_root_mean_squared_error,<keras.src.engine.sequential.Sequential object at 0x000001BAA5F10E20>,StandardScaler(),IsolationForest(contamination=0.05),"[1.29324560e+01 3.12010529e+02 1.33507252e+01 1.55955826e+02
 1.76638203e+01 6.83383346e-02 1.26805191e+01 6.33120537e-03]",[0. 0. 0. 0. 0. 0. 0. 0.],13.350727633786647,10.357846851387439,0.5341691682853611,0.15637288636740565,-0.2720449802406548,16.273451630528218,12.348219187325412,9.674130456813302,10.600272552437833,0.5431457737275264,0.009239670778480832,-0.10761863754935136,-0.4965119865756081,16.848848749663954,12.787101258521474,10.115280221909067,10.971107262981462,0.5385373060822457,0.010153439337792693,0.009696555058136762,0.009675027490485657,0.009685785293432893
0.001,64,"(<class 'keras.src.optimizers.adamax.Adamax'>, {'beta_1': 0.9, 'beta_2': 0.999, 'epsilon': 1e-07, 'learning_rate': 0.001})",<class 'keras.src.optimizers.adamax.Adamax'>,"{'beta_1': 0.9, 'beta_2': 0.999, 'epsilon': 1e-07, 'learning_rate': 0.001}","(<class 'keras.src.losses.Huber'>, {'reduction': 'auto'})",<class 'keras.src.losses.Huber'>,{'reduction': 'auto'},"[(<class 'keras.src.metrics.regression_metrics.MeanSquaredError'>, {}), (<class 'keras.src.metrics.regression_metrics.MeanAbsoluteError'>, {}), (<class 'keras.src.metrics.regression_metrics.MeanAbsolutePercentageError'>, {}), (<class 'keras.src.metrics.regression_metrics.RootMeanSquaredError'>, {}), (<class 'keras.src.metrics.regression_metrics.CosineSimilarity'>, {}), (<class 'keras.src.metrics.regression_metrics.LogCoshError'>, {}), (<class 'tensorflow_addons.metrics.r_square.RSquare'>, {})]",200,"[{'nodes': 128, 'activation': 'softplus', 'l2_reg': 0.0001, 'l1_reg': 0.001}]",0.99,True,PCA(n_components=0.99),1,True,"{'enabled': True, 'contamination': 0.05, 'remove_outliers': False}",False,True,"{'method': <function cosine_annealing_50 at 0x000001BAC637EB80>, 'description': 'Cosine Annealing with 50 epochs cycle'}",True,0.9,val_root_mean_squared_error,<keras.src.engine.sequential.Sequential object at 0x000001BA9903E190>,StandardScaler(),IsolationForest(contamination=0.05),"[1.27926741e+01 3.08260986e+02 1.32185240e+01 1.53850891e+02
 1.75573635e+01 1.23785980e-01 1.25492144e+01 1.82724595e-02]",[0. 0. 0. 0. 0. 0. 0. 0.],13.218525189954168,10.133492313397639,0.5618929895814939,0.4211962240356127,-0.05636892082123879,16.111453409955374,12.151981941271249,9.377983222989426,10.586806043578877,0.5682243650877751,0.03956910784687816,0.09871122625226798,-0.34224422332835347,16.633354219152142,12.569276114986012,9.804685401857505,10.893670709934334,0.5748584092588033,0.04054718104765042,0.040058144447264285,0.04005217420576117,0.040055159215279294
0.001,64,"(<class 'keras.src.optimizers.adamax.Adamax'>, {'beta_1': 0.85, 'beta_2': 0.95, 'epsilon': 1e-08, 'learning_rate': 0.001})",<class 'keras.src.optimizers.adamax.Adamax'>,"{'beta_1': 0.85, 'beta_2': 0.95, 'epsilon': 1e-08, 'learning_rate': 0.001}","(<class 'keras.src.losses.Huber'>, {'reduction': 'auto'})",<class 'keras.src.losses.Huber'>,{'reduction': 'auto'},"[(<class 'keras.src.metrics.regression_metrics.MeanSquaredError'>, {}), (<class 'keras.src.metrics.regression_metrics.MeanAbsoluteError'>, {}), (<class 'keras.src.metrics.regression_metrics.MeanAbsolutePercentageError'>, {}), (<class 'keras.src.metrics.regression_metrics.RootMeanSquaredError'>, {}), (<class 'keras.src.metrics.regression_metrics.CosineSimilarity'>, {}), (<class 'keras.src.metrics.regression_metrics.LogCoshError'>, {}), (<class 'tensorflow_addons.metrics.r_square.RSquare'>, {})]",200,"[{'nodes': 128, 'activation': 'softplus', 'l2_reg': 0.0001, 'l1_reg': 0.001}]",0.99,True,PCA(n_components=0.99),1,True,"{'enabled': True, 'contamination': 0.05, 'remove_outliers': False}",False,True,"{'method': <function cosine_annealing_50 at 0x000001BAC637EB80>, 'description': 'Cosine Annealing with 50 epochs cycle'}",True,0.9,val_root_mean_squared_error,<keras.src.engine.sequential.Sequential object at 0x000001BA935D2B20>,StandardScaler(),IsolationForest(contamination=0.05),"[1.27646790e+01 3.07773895e+02 1.32007456e+01 1.89744415e+02
 1.75434856e+01 1.22373298e-01 1.25308475e+01 1.98237300e-02]",[0. 0. 0. 0. 0. 0. 0. 0.],13.200747550838868,10.040578481737192,0.5611866501854141,0.48129757265772205,-0.03770593029360009,16.12654853983095,12.136956656012067,9.295914512265838,10.629501548200686,0.5687895164423722,0.04797404131539701,0.10781006127399265,-0.37205438811266733,16.624424642647895,12.54287915181972,9.759769813009083,10.910542115489708,0.5749815316424526,0.044942466216857276,0.04645825376612714,0.04640879835813683,0.04643351947788736
0.001,64,"(<class 'keras.src.optimizers.ftrl.Ftrl'>, {'learning_rate_power': -0.5, 'initial_accumulator_value': 0.1, 'l1_regularization_strength': 0.0, 'l2_regularization_strength': 0.0, 'learning_rate': 0.001})",<class 'keras.src.optimizers.ftrl.Ftrl'>,"{'learning_rate_power': -0.5, 'initial_accumulator_value': 0.1, 'l1_regularization_strength': 0.0, 'l2_regularization_strength': 0.0, 'learning_rate': 0.001}","(<class 'keras.src.losses.Huber'>, {'reduction': 'auto'})",<class 'keras.src.losses.Huber'>,{'reduction': 'auto'},"[(<class 'keras.src.metrics.regression_metrics.MeanSquaredError'>, {}), (<class 'keras.src.metrics.regression_metrics.MeanAbsoluteError'>, {}), (<class 'keras.src.metrics.regression_metrics.MeanAbsolutePercentageError'>, {}), (<class 'keras.src.metrics.regression_metrics.RootMeanSquaredError'>, {}), (<class 'keras.src.metrics.regression_metrics.CosineSimilarity'>, {}), (<class 'keras.src.metrics.regression_metrics.LogCoshError'>, {}), (<class 'tensorflow_addons.metrics.r_square.RSquare'>, {})]",200,"[{'nodes': 128, 'activation': 'softplus', 'l2_reg': 0.0001, 'l1_reg': 0.001}]",0.99,True,PCA(n_components=0.99),1,True,"{'enabled': True, 'contamination': 0.05, 'remove_outliers': False}",False,True,"{'method': <function cosine_annealing_50 at 0x000001BAC637EB80>, 'description': 'Cosine Annealing with 50 epochs cycle'}",True,0.9,val_root_mean_squared_error,<keras.src.engine.sequential.Sequential object at 0x000001BBB40C3520>,StandardScaler(),IsolationForest(contamination=0.05),"[1.29056225e+01 3.13982758e+02 1.33958673e+01 1.09677422e+02
 1.77195587e+01 4.75013256e-02 1.27257996e+01 5.01871109e-05]",[0. 0. 0. 0. 0. 0. 0. 0.],13.395866814295571,10.424629157848866,0.5237506621931838,0.2033859782391063,-0.22660196112178255,16.33313132273779,12.404470224935318,9.757658681104834,10.627145870305824,0.5086362191374377,0.0006852636027864363,-0.04812038947736166,-0.4825399871285557,16.913910681234753,12.837317049985751,10.213604586066802,11.012070136256543,0.5150209308052204,0.000531754959733626,0.0006085092812600311,0.0005988278744936792,0.0006036491692254872
0.001,64,"(<class 'keras.src.optimizers.ftrl.Ftrl'>, {'learning_rate_power': -0.5, 'initial_accumulator_value': 0.05, 'l1_regularization_strength': 0.01, 'l2_regularization_strength': 0.01, 'learning_rate': 0.001})",<class 'keras.src.optimizers.ftrl.Ftrl'>,"{'learning_rate_power': -0.5, 'initial_accumulator_value': 0.05, 'l1_regularization_strength': 0.01, 'l2_regularization_strength': 0.01, 'learning_rate': 0.001}","(<class 'keras.src.losses.Huber'>, {'reduction': 'auto'})",<class 'keras.src.losses.Huber'>,{'reduction': 'auto'},"[(<class 'keras.src.metrics.regression_metrics.MeanSquaredError'>, {}), (<class 'keras.src.metrics.regression_metrics.MeanAbsoluteError'>, {}), (<class 'keras.src.metrics.regression_metrics.MeanAbsolutePercentageError'>, {}), (<class 'keras.src.metrics.regression_metrics.RootMeanSquaredError'>, {}), (<class 'keras.src.metrics.regression_metrics.CosineSimilarity'>, {}), (<class 'keras.src.metrics.regression_metrics.LogCoshError'>, {}), (<class 'tensorflow_addons.metrics.r_square.RSquare'>, {})]",200,"[{'nodes': 128, 'activation': 'softplus', 'l2_reg': 0.0001, 'l1_reg': 0.001}]",0.99,True,PCA(n_components=0.99),1,True,"{'enabled': True, 'contamination': 0.05, 'remove_outliers': False}",False,True,"{'method': <function cosine_annealing_50 at 0x000001BAC637EB80>, 'description': 'Cosine Annealing with 50 epochs cycle'}",True,0.9,val_root_mean_squared_error,<keras.src.engine.sequential.Sequential object at 0x000001BA8A446AC0>,StandardScaler(),IsolationForest(contamination=0.05),"[1.29026985e+01 3.13911163e+02 1.33922710e+01 1.12343315e+02
 1.77175388e+01 4.75013256e-02 1.27222309e+01 2.78234482e-04]",[0. 0. 0. 0. 0. 0. 0. 0.],13.392267034695093,10.410162369311095,0.5237506621931838,0.24011568535542407,-0.1884920507172601,16.331612097099722,12.402522728458196,9.756509401175771,10.627850569734644,0.5086362191374377,0.0008029652366406801,-0.01113534526147801,-0.44352577522716846,16.91207592243944,12.834698706485554,10.21526872687604,11.012205081010746,0.5150209308052204,0.00036890785907555773,0.0005859365478581189,0.0005055499395694631,0.0005442611380221923
0.001,64,"(<class 'keras.src.optimizers.adam.Adam'>, {'beta_1': 0.9, 'beta_2': 0.999, 'epsilon': 1e-07, 'amsgrad': False, 'learning_rate': 0.001})",<class 'keras.src.optimizers.adam.Adam'>,"{'beta_1': 0.9, 'beta_2': 0.999, 'epsilon': 1e-07, 'amsgrad': False, 'learning_rate': 0.001}","(<class 'keras.src.losses.Huber'>, {'reduction': 'auto'})",<class 'keras.src.losses.Huber'>,{'reduction': 'auto'},"[(<class 'keras.src.metrics.regression_metrics.MeanSquaredError'>, {}), (<class 'keras.src.metrics.regression_metrics.MeanAbsoluteError'>, {}), (<class 'keras.src.metrics.regression_metrics.MeanAbsolutePercentageError'>, {}), (<class 'keras.src.metrics.regression_metrics.RootMeanSquaredError'>, {}), (<class 'keras.src.metrics.regression_metrics.CosineSimilarity'>, {}), (<class 'keras.src.metrics.regression_metrics.LogCoshError'>, {}), (<class 'tensorflow_addons.metrics.r_square.RSquare'>, {})]",200,"[{'nodes': 128, 'activation': 'softplus', 'l2_reg': 0.0001, 'l1_reg': 0.001}]",0.99,True,PCA(n_components=0.99),1,True,"{'enabled': True, 'contamination': 0.05, 'remove_outliers': False}",False,True,"{'method': <function cosine_annealing_50 at 0x000001BAC637EB80>, 'description': 'Cosine Annealing with 50 epochs cycle'}",True,0.9,val_root_mean_squared_error,<keras.src.engine.sequential.Sequential object at 0x000001BA874945E0>,StandardScaler(),IsolationForest(contamination=0.05),"[1.27604103e+01 3.07298767e+02 1.31952267e+01 1.67834946e+02
 1.75299397e+01 1.24139152e-01 1.25257149e+01 2.13369131e-02]",[0. 0. 0. 0. 0. 0. 0. 0.],13.195223673968552,10.076293223139945,0.5620695744305139,0.38768890222789776,-0.11867470157897159,16.125318843146353,12.135379945800345,9.29798179706845,10.625609036649907,0.5693899897566317,0.04776232370617375,-0.0036486195443797237,-0.42329826377386726,16.612836572332167,12.536098690102648,9.745610932058728,10.900148182280635,0.5741196749569072,0.0463280056486941,0.04704516467743392,0.04703423226650435,0.04703969815437141
0.001,64,"(<class 'keras.src.optimizers.adam.Adam'>, {'beta_1': 0.85, 'beta_2': 0.95, 'epsilon': 1e-08, 'amsgrad': False, 'learning_rate': 0.001})",<class 'keras.src.optimizers.adam.Adam'>,"{'beta_1': 0.85, 'beta_2': 0.95, 'epsilon': 1e-08, 'amsgrad': False, 'learning_rate': 0.001}","(<class 'keras.src.losses.Huber'>, {'reduction': 'auto'})",<class 'keras.src.losses.Huber'>,{'reduction': 'auto'},"[(<class 'keras.src.metrics.regression_metrics.MeanSquaredError'>, {}), (<class 'keras.src.metrics.regression_metrics.MeanAbsoluteError'>, {}), (<class 'keras.src.metrics.regression_metrics.MeanAbsolutePercentageError'>, {}), (<class 'keras.src.metrics.regression_metrics.RootMeanSquaredError'>, {}), (<class 'keras.src.metrics.regression_metrics.CosineSimilarity'>, {}), (<class 'keras.src.metrics.regression_metrics.LogCoshError'>, {}), (<class 'tensorflow_addons.metrics.r_square.RSquare'>, {})]",200,"[{'nodes': 128, 'activation': 'softplus', 'l2_reg': 0.0001, 'l1_reg': 0.001}]",0.99,True,PCA(n_components=0.99),1,True,"{'enabled': True, 'contamination': 0.05, 'remove_outliers': False}",False,True,"{'method': <function cosine_annealing_50 at 0x000001BAC637EB80>, 'description': 'Cosine Annealing with 50 epochs cycle'}",True,0.9,val_root_mean_squared_error,<keras.src.engine.sequential.Sequential object at 0x000001BA8FCE9C10>,StandardScaler(),IsolationForest(contamination=0.05),"[1.27510605e+01 3.07325470e+02 1.31905489e+01 1.80304169e+02
 1.75307007e+01 1.25904992e-01 1.25207930e+01 2.12518573e-02]",[0. 0. 0. 0. 0. 0. 0. 0.],13.190553064697681,10.037129041734751,0.5629524986756136,0.4525717841222176,-0.05660358174910085,16.131754238293038,12.137665321756698,9.294652734192871,10.635327915885089,0.5687188725230475,0.04810326426360495,0.05420798272452192,-0.39682937971436394,16.61891749450891,12.53793290186501,9.75578944774771,10.907439613044525,0.5747352868751539,0.04533197108253723,0.04671761767307109,0.04667651933438237,0.04669706398236816
0.001,64,"(<class 'keras.src.optimizers.adam.Adam'>, {'beta_1': 0.99, 'beta_2': 0.9995, 'epsilon': 1e-06, 'amsgrad': False, 'learning_rate': 0.001})",<class 'keras.src.optimizers.adam.Adam'>,"{'beta_1': 0.99, 'beta_2': 0.9995, 'epsilon': 1e-06, 'amsgrad': False, 'learning_rate': 0.001}","(<class 'keras.src.losses.Huber'>, {'reduction': 'auto'})",<class 'keras.src.losses.Huber'>,{'reduction': 'auto'},"[(<class 'keras.src.metrics.regression_metrics.MeanSquaredError'>, {}), (<class 'keras.src.metrics.regression_metrics.MeanAbsoluteError'>, {}), (<class 'keras.src.metrics.regression_metrics.MeanAbsolutePercentageError'>, {}), (<class 'keras.src.metrics.regression_metrics.RootMeanSquaredError'>, {}), (<class 'keras.src.metrics.regression_metrics.CosineSimilarity'>, {}), (<class 'keras.src.metrics.regression_metrics.LogCoshError'>, {}), (<class 'tensorflow_addons.metrics.r_square.RSquare'>, {})]",200,"[{'nodes': 128, 'activation': 'softplus', 'l2_reg': 0.0001, 'l1_reg': 0.001}]",0.99,True,PCA(n_components=0.99),1,True,"{'enabled': True, 'contamination': 0.05, 'remove_outliers': False}",False,True,"{'method': <function cosine_annealing_50 at 0x000001BAC637EB80>, 'description': 'Cosine Annealing with 50 epochs cycle'}",True,0.9,val_root_mean_squared_error,<keras.src.engine.sequential.Sequential object at 0x000001BAC65297C0>,StandardScaler(),IsolationForest(contamination=0.05),"[1.27677298e+01 3.07416107e+02 1.32003021e+01 1.72534271e+02
 1.75332851e+01 1.26611337e-01 1.25304289e+01 2.09632516e-02]",[0. 0. 0. 0. 0. 0. 0. 0.],13.200296894494077,10.066219870882112,0.5633056683736536,0.27057234845797323,-0.238754961565963,16.125653605493092,12.135799989227252,9.31642374942366,10.622008872567328,0.5673059941365547,0.04587362116401749,-0.12470734005184213,-0.5480511143213923,16.61777141331024,12.53919532330612,9.71644841525986,10.904820041329362,0.5738734301896085,0.049181749323643456,0.04752768524383047,0.04747012031160011,0.047498894057193514
0.001,64,"(<class 'keras.src.optimizers.rmsprop.RMSprop'>, {'rho': 0.9, 'momentum': 0.0, 'epsilon': 1e-07, 'centered': False, 'learning_rate': 0.001})",<class 'keras.src.optimizers.rmsprop.RMSprop'>,"{'rho': 0.9, 'momentum': 0.0, 'epsilon': 1e-07, 'centered': False, 'learning_rate': 0.001}","(<class 'keras.src.losses.Huber'>, {'reduction': 'auto'})",<class 'keras.src.losses.Huber'>,{'reduction': 'auto'},"[(<class 'keras.src.metrics.regression_metrics.MeanSquaredError'>, {}), (<class 'keras.src.metrics.regression_metrics.MeanAbsoluteError'>, {}), (<class 'keras.src.metrics.regression_metrics.MeanAbsolutePercentageError'>, {}), (<class 'keras.src.metrics.regression_metrics.RootMeanSquaredError'>, {}), (<class 'keras.src.metrics.regression_metrics.CosineSimilarity'>, {}), (<class 'keras.src.metrics.regression_metrics.LogCoshError'>, {}), (<class 'tensorflow_addons.metrics.r_square.RSquare'>, {})]",200,"[{'nodes': 128, 'activation': 'softplus', 'l2_reg': 0.0001, 'l1_reg': 0.001}]",0.99,True,PCA(n_components=0.99),1,True,"{'enabled': True, 'contamination': 0.05, 'remove_outliers': False}",False,True,"{'method': <function cosine_annealing_50 at 0x000001BAC637EB80>, 'description': 'Cosine Annealing with 50 epochs cycle'}",True,0.9,val_root_mean_squared_error,<keras.src.engine.sequential.Sequential object at 0x000001BAC365E820>,StandardScaler(),IsolationForest(contamination=0.05),"[1.27546120e+01 3.07438629e+02 1.31942272e+01 1.73475418e+02
 1.75339279e+01 1.23079643e-01 1.25245256e+01 2.08915472e-02]",[0. 0. 0. 0. 0. 0. 0. 0.],13.194220927138389,10.061286858499301,0.561539819883454,0.42340188644112725,-0.09584311712315434,16.138979380291875,12.139878119656862,9.286435686189709,10.64256004688378,0.568330330966762,0.048944799864265434,0.033966662106234266,-0.43660498570417605,16.623539377778133,12.53749877292885,9.750499806954615,10.914897342044913,0.5732578182713617,0.04584959715233631,0.047397198508300875,0.047346666619658466,0.0473719258261504
0.001,64,"(<class 'keras.src.optimizers.rmsprop.RMSprop'>, {'rho': 0.8, 'momentum': 0.1, 'epsilon': 1e-08, 'centered': True, 'learning_rate': 0.001})",<class 'keras.src.optimizers.rmsprop.RMSprop'>,"{'rho': 0.8, 'momentum': 0.1, 'epsilon': 1e-08, 'centered': True, 'learning_rate': 0.001}","(<class 'keras.src.losses.Huber'>, {'reduction': 'auto'})",<class 'keras.src.losses.Huber'>,{'reduction': 'auto'},"[(<class 'keras.src.metrics.regression_metrics.MeanSquaredError'>, {}), (<class 'keras.src.metrics.regression_metrics.MeanAbsoluteError'>, {}), (<class 'keras.src.metrics.regression_metrics.MeanAbsolutePercentageError'>, {}), (<class 'keras.src.metrics.regression_metrics.RootMeanSquaredError'>, {}), (<class 'keras.src.metrics.regression_metrics.CosineSimilarity'>, {}), (<class 'keras.src.metrics.regression_metrics.LogCoshError'>, {}), (<class 'tensorflow_addons.metrics.r_square.RSquare'>, {})]",200,"[{'nodes': 128, 'activation': 'softplus', 'l2_reg': 0.0001, 'l1_reg': 0.001}]",0.99,True,PCA(n_components=0.99),1,True,"{'enabled': True, 'contamination': 0.05, 'remove_outliers': False}",False,True,"{'method': <function cosine_annealing_50 at 0x000001BAC637EB80>, 'description': 'Cosine Annealing with 50 epochs cycle'}",True,0.9,val_root_mean_squared_error,<keras.src.engine.sequential.Sequential object at 0x000001BA887E72E0>,StandardScaler(),IsolationForest(contamination=0.05),"[1.27579756e+01 3.07276917e+02 1.31992998e+01 1.68348328e+02
 1.75293159e+01 1.26611337e-01 1.25293989e+01 2.14065313e-02]",[0. 0. 0. 0. 0. 0. 0. 0.],13.199299110485164,10.078763605554986,0.5633056683736536,0.1874563841463189,-0.3057586840792186,16.125053387302707,12.137627736991456,9.318804239898341,10.617216062272881,0.5679771113701388,0.04562982710552995,-0.20838650836677283,-0.658997166976645,16.61499848906256,12.540499348534224,9.726775139309959,10.900372289375959,0.5710416153656734,0.048171211596595785,0.04690051935106287,0.046866092039698326,0.04688330253530104
0.001,64,"(<class 'keras.src.optimizers.sgd.SGD'>, {'momentum': 0.9, 'nesterov': True, 'learning_rate': 0.001})",<class 'keras.src.optimizers.sgd.SGD'>,"{'momentum': 0.9, 'nesterov': True, 'learning_rate': 0.001}","(<class 'keras.src.losses.Huber'>, {'reduction': 'auto'})",<class 'keras.src.losses.Huber'>,{'reduction': 'auto'},"[(<class 'keras.src.metrics.regression_metrics.MeanSquaredError'>, {}), (<class 'keras.src.metrics.regression_metrics.MeanAbsoluteError'>, {}), (<class 'keras.src.metrics.regression_metrics.MeanAbsolutePercentageError'>, {}), (<class 'keras.src.metrics.regression_metrics.RootMeanSquaredError'>, {}), (<class 'keras.src.metrics.regression_metrics.CosineSimilarity'>, {}), (<class 'keras.src.metrics.regression_metrics.LogCoshError'>, {}), (<class 'tensorflow_addons.metrics.r_square.RSquare'>, {})]",200,"[{'nodes': 128, 'activation': 'softplus', 'l2_reg': 0.0001, 'l1_reg': 0.001}]",0.99,True,PCA(n_components=0.99),1,True,"{'enabled': True, 'contamination': 0.05, 'remove_outliers': False}",False,True,"{'method': <function cosine_annealing_50 at 0x000001BAC637EB80>, 'description': 'Cosine Annealing with 50 epochs cycle'}",True,0.9,val_root_mean_squared_error,<keras.src.engine.sequential.Sequential object at 0x000001BA873184F0>,StandardScaler(),IsolationForest(contamination=0.05),"[1.28275976e+01 3.09266357e+02 1.32500715e+01 1.43672989e+02
 1.75859699e+01 1.22726470e-01 1.25809736e+01 1.50706768e-02]",[0. 0. 0. 0. 0. 0. 0. 0.],13.250069822603738,10.232399519781215,0.5613632350344341,0.44284823404105855,-0.025209215404867757,16.1549548458551,12.210825375386046,9.469164300423706,10.58627244919901,0.5682950090070997,0.030230946169108305,0.1424034233078199,-0.34419357360765046,16.704360333171234,12.637550755096525,9.883826349149075,10.923762184894557,0.5751046540261019,0.032802719918987276,0.03151683304404779,0.03146436885601118,0.03149059002418407
0.001,64,"(<class 'keras.src.optimizers.sgd.SGD'>, {'momentum': 0.5, 'nesterov': False, 'learning_rate': 0.001})",<class 'keras.src.optimizers.sgd.SGD'>,"{'momentum': 0.5, 'nesterov': False, 'learning_rate': 0.001}","(<class 'keras.src.losses.Huber'>, {'reduction': 'auto'})",<class 'keras.src.losses.Huber'>,{'reduction': 'auto'},"[(<class 'keras.src.metrics.regression_metrics.MeanSquaredError'>, {}), (<class 'keras.src.metrics.regression_metrics.MeanAbsoluteError'>, {}), (<class 'keras.src.metrics.regression_metrics.MeanAbsolutePercentageError'>, {}), (<class 'keras.src.metrics.regression_metrics.RootMeanSquaredError'>, {}), (<class 'keras.src.metrics.regression_metrics.CosineSimilarity'>, {}), (<class 'keras.src.metrics.regression_metrics.LogCoshError'>, {}), (<class 'tensorflow_addons.metrics.r_square.RSquare'>, {})]",200,"[{'nodes': 128, 'activation': 'softplus', 'l2_reg': 0.0001, 'l1_reg': 0.001}]",0.99,True,PCA(n_components=0.99),1,True,"{'enabled': True, 'contamination': 0.05, 'remove_outliers': False}",False,True,"{'method': <function cosine_annealing_50 at 0x000001BAC637EB80>, 'description': 'Cosine Annealing with 50 epochs cycle'}",True,0.9,val_root_mean_squared_error,<keras.src.engine.sequential.Sequential object at 0x000001BA94C884F0>,StandardScaler(),IsolationForest(contamination=0.05),"[1.29210186e+01 3.12273895e+02 1.33394899e+01 1.39332382e+02
 1.76712723e+01 1.22726470e-01 1.26702681e+01 5.49244881e-03]",[0. 0. 0. 0. 0. 0. 0. 0.],13.339489894095916,10.348682675472677,0.5613632350344341,0.290265761785645,-0.1381626565693344,16.282321624231145,12.349444606228596,9.691522803950381,10.615276043601405,0.5628907491787645,0.007458461846846923,0.018411592789493964,-0.40978959517194197,16.85597372588024,12.780406971285856,10.095440082073818,10.989325447237364,0.5632849051957646,0.01209492724006976,0.009776694543458342,0.009226999264368931,0.009497870990935277
0.001,64,"(<class 'keras.src.optimizers.nadam.Nadam'>, {'beta_1': 0.9, 'beta_2': 0.999, 'epsilon': 1e-07, 'learning_rate': 0.001})",<class 'keras.src.optimizers.nadam.Nadam'>,"{'beta_1': 0.9, 'beta_2': 0.999, 'epsilon': 1e-07, 'learning_rate': 0.001}","(<class 'keras.src.losses.Huber'>, {'reduction': 'auto'})",<class 'keras.src.losses.Huber'>,{'reduction': 'auto'},"[(<class 'keras.src.metrics.regression_metrics.MeanSquaredError'>, {}), (<class 'keras.src.metrics.regression_metrics.MeanAbsoluteError'>, {}), (<class 'keras.src.metrics.regression_metrics.MeanAbsolutePercentageError'>, {}), (<class 'keras.src.metrics.regression_metrics.RootMeanSquaredError'>, {}), (<class 'keras.src.metrics.regression_metrics.CosineSimilarity'>, {}), (<class 'keras.src.metrics.regression_metrics.LogCoshError'>, {}), (<class 'tensorflow_addons.metrics.r_square.RSquare'>, {})]",200,"[{'nodes': 128, 'activation': 'softplus', 'l2_reg': 0.0001, 'l1_reg': 0.001}]",0.99,True,PCA(n_components=0.99),1,True,"{'enabled': True, 'contamination': 0.05, 'remove_outliers': False}",False,True,"{'method': <function cosine_annealing_50 at 0x000001BAC637EB80>, 'description': 'Cosine Annealing with 50 epochs cycle'}",True,0.9,val_root_mean_squared_error,<keras.src.engine.sequential.Sequential object at 0x000001BABBD97A30>,StandardScaler(),IsolationForest(contamination=0.05),"[1.27601938e+01 3.07402802e+02 1.31952477e+01 1.65675110e+02
 1.75329056e+01 1.24492317e-01 1.25256062e+01 2.10055709e-02]",[0. 0. 0. 0. 0. 0. 0. 0.],13.195244939724315,10.04797125303151,0.5622461592795338,0.40262215004719576,-0.12757124870380232,16.13129613233741,12.135887420870183,9.310026332283211,10.63465370123856,0.5685069407650737,0.04652880223073278,0.011505607955351233,-0.44063895110461415,16.618764529977533,12.539370122331443,9.735227627611552,10.905425356336053,0.5743659197242058,0.047344080138957294,0.04693644118484504,0.04693290087559459,0.046934670996838866
0.001,64,"(<class 'keras.src.optimizers.nadam.Nadam'>, {'beta_1': 0.85, 'beta_2': 0.95, 'epsilon': 1e-08, 'learning_rate': 0.001})",<class 'keras.src.optimizers.nadam.Nadam'>,"{'beta_1': 0.85, 'beta_2': 0.95, 'epsilon': 1e-08, 'learning_rate': 0.001}","(<class 'keras.src.losses.Huber'>, {'reduction': 'auto'})",<class 'keras.src.losses.Huber'>,{'reduction': 'auto'},"[(<class 'keras.src.metrics.regression_metrics.MeanSquaredError'>, {}), (<class 'keras.src.metrics.regression_metrics.MeanAbsoluteError'>, {}), (<class 'keras.src.metrics.regression_metrics.MeanAbsolutePercentageError'>, {}), (<class 'keras.src.metrics.regression_metrics.RootMeanSquaredError'>, {}), (<class 'keras.src.metrics.regression_metrics.CosineSimilarity'>, {}), (<class 'keras.src.metrics.regression_metrics.LogCoshError'>, {}), (<class 'tensorflow_addons.metrics.r_square.RSquare'>, {})]",200,"[{'nodes': 128, 'activation': 'softplus', 'l2_reg': 0.0001, 'l1_reg': 0.001}]",0.99,True,PCA(n_components=0.99),1,True,"{'enabled': True, 'contamination': 0.05, 'remove_outliers': False}",False,True,"{'method': <function cosine_annealing_50 at 0x000001BAC637EB80>, 'description': 'Cosine Annealing with 50 epochs cycle'}",True,0.9,val_root_mean_squared_error,<keras.src.engine.sequential.Sequential object at 0x000001BAA240E670>,StandardScaler(),IsolationForest(contamination=0.05),"[1.27648182e+01 3.07485443e+02 1.32005024e+01 1.70060349e+02
 1.75352631e+01 1.22373298e-01 1.25306749e+01 2.07424164e-02]",[0. 0. 0. 0. 0. 0. 0. 0.],13.200504703311658,10.053454520351995,0.5611866501854141,0.41232350575457677,-0.10973526373946818,16.11870044231692,12.133713575369667,9.317157525942454,10.618395122085458,0.5684716188054113,0.04579847263582871,0.030632318378098624,-0.35277392811762504,16.618149149297846,12.540206297069115,9.769069238256254,10.9035627854709,0.5741196749569072,0.04403245642028137,0.04491546452805504,0.04489810517695878,0.04490678401369415
0.001,64,"(<class 'keras.src.optimizers.adadelta.Adadelta'>, {'rho': 0.95, 'epsilon': 1e-07, 'learning_rate': 0.001})",<class 'keras.src.optimizers.adadelta.Adadelta'>,"{'rho': 0.95, 'epsilon': 1e-07, 'learning_rate': 0.001}","(<class 'keras.src.losses.Huber'>, {'reduction': 'auto'})",<class 'keras.src.losses.Huber'>,{'reduction': 'auto'},"[(<class 'keras.src.metrics.regression_metrics.MeanSquaredError'>, {}), (<class 'keras.src.metrics.regression_metrics.MeanAbsoluteError'>, {}), (<class 'keras.src.metrics.regression_metrics.MeanAbsolutePercentageError'>, {}), (<class 'keras.src.metrics.regression_metrics.RootMeanSquaredError'>, {}), (<class 'keras.src.metrics.regression_metrics.CosineSimilarity'>, {}), (<class 'keras.src.metrics.regression_metrics.LogCoshError'>, {}), (<class 'tensorflow_addons.metrics.r_square.RSquare'>, {})]",200,"[{'nodes': 128, 'activation': 'softplus', 'l2_reg': 0.0001, 'l1_reg': 0.001}]",0.99,True,PCA(n_components=0.99),1,True,"{'enabled': True, 'contamination': 0.05, 'remove_outliers': False}",False,True,"{'method': <function cosine_annealing_50 at 0x000001BAC637EB80>, 'description': 'Cosine Annealing with 50 epochs cycle'}",True,0.9,val_root_mean_squared_error,<keras.src.engine.sequential.Sequential object at 0x000001BA8C2107F0>,StandardScaler(),IsolationForest(contamination=0.05),"[ 1.29687624e+01  3.14833344e+02  1.33861885e+01  1.48187027e+02
  1.77435436e+01  3.09023485e-02  1.27166824e+01 -2.65872478e-03]",[0. 0. 0. 0. 0. 0. 0. 0.],13.386184730203118,10.464523720662731,0.515451174289246,1.1140801172553119,0.6707087345664524,16.34281123479184,12.415766026794854,9.745287327101929,10.685130146957853,0.509872487725619,0.0019522556926234963,0.9059022401445792,0.5213426895323106,16.919109247481043,12.847798211977349,10.12755357030348,11.04494332005254,0.511696626446688,0.008952411642118505,0.005452333667371001,0.00320548918266441,0.004180597635629948
0.001,64,"(<class 'keras.src.optimizers.adadelta.Adadelta'>, {'rho': 0.9, 'epsilon': 1e-08, 'learning_rate': 0.001})",<class 'keras.src.optimizers.adadelta.Adadelta'>,"{'rho': 0.9, 'epsilon': 1e-08, 'learning_rate': 0.001}","(<class 'keras.src.losses.Huber'>, {'reduction': 'auto'})",<class 'keras.src.losses.Huber'>,{'reduction': 'auto'},"[(<class 'keras.src.metrics.regression_metrics.MeanSquaredError'>, {}), (<class 'keras.src.metrics.regression_metrics.MeanAbsoluteError'>, {}), (<class 'keras.src.metrics.regression_metrics.MeanAbsolutePercentageError'>, {}), (<class 'keras.src.metrics.regression_metrics.RootMeanSquaredError'>, {}), (<class 'keras.src.metrics.regression_metrics.CosineSimilarity'>, {}), (<class 'keras.src.metrics.regression_metrics.LogCoshError'>, {}), (<class 'tensorflow_addons.metrics.r_square.RSquare'>, {})]",200,"[{'nodes': 128, 'activation': 'softplus', 'l2_reg': 0.0001, 'l1_reg': 0.001}]",0.99,True,PCA(n_components=0.99),1,True,"{'enabled': True, 'contamination': 0.05, 'remove_outliers': False}",False,True,"{'method': <function cosine_annealing_50 at 0x000001BAC637EB80>, 'description': 'Cosine Annealing with 50 epochs cycle'}",True,0.9,val_root_mean_squared_error,<keras.src.engine.sequential.Sequential object at 0x000001BA879FBD90>,StandardScaler(),IsolationForest(contamination=0.05),"[1.29749212e+01 3.13853607e+02 1.33921604e+01 1.47265961e+02
 1.77159138e+01 3.51403840e-02 1.27228870e+01 4.61518764e-04]",[0. 0. 0. 0. 0. 0. 0. 0.],13.392162795695107,10.395150471242399,0.5175701924774855,0.15305234455306788,-0.26443370416810724,16.337232044744894,12.400728785702649,9.74438593822116,10.636967160807473,0.5102610292819045,0.002044569968129017,-0.14560540939345612,-0.5454904587956375,16.91236151145972,12.834590185647487,10.158938854787749,11.013727169520834,0.5091110563900517,0.005881155560169287,0.003962862764149152,0.0030342796992615063,0.003467626571044972
0.001,64,"(<class 'keras.src.optimizers.adagrad.Adagrad'>, {'initial_accumulator_value': 0.1, 'epsilon': 1e-07, 'learning_rate': 0.001})",<class 'keras.src.optimizers.adagrad.Adagrad'>,"{'initial_accumulator_value': 0.1, 'epsilon': 1e-07, 'learning_rate': 0.001}","(<class 'keras.src.losses.Huber'>, {'reduction': 'auto'})",<class 'keras.src.losses.Huber'>,{'reduction': 'auto'},"[(<class 'keras.src.metrics.regression_metrics.MeanSquaredError'>, {}), (<class 'keras.src.metrics.regression_metrics.MeanAbsoluteError'>, {}), (<class 'keras.src.metrics.regression_metrics.MeanAbsolutePercentageError'>, {}), (<class 'keras.src.metrics.regression_metrics.RootMeanSquaredError'>, {}), (<class 'keras.src.metrics.regression_metrics.CosineSimilarity'>, {}), (<class 'keras.src.metrics.regression_metrics.LogCoshError'>, {}), (<class 'tensorflow_addons.metrics.r_square.RSquare'>, {})]",200,"[{'nodes': 128, 'activation': 'softplus', 'l2_reg': 0.0001, 'l1_reg': 0.001}]",0.99,True,PCA(n_components=0.99),1,True,"{'enabled': True, 'contamination': 0.05, 'remove_outliers': False}",False,True,"{'method': <function cosine_annealing_50 at 0x000001BAC637EB80>, 'description': 'Cosine Annealing with 50 epochs cycle'}",True,0.9,val_root_mean_squared_error,<keras.src.engine.sequential.Sequential object at 0x000001BA8FCB87F0>,StandardScaler(),IsolationForest(contamination=0.05),"[1.29110899e+01 3.12024536e+02 1.33291407e+01 1.27019226e+02
 1.76642170e+01 1.10365532e-01 1.26595144e+01 6.28656149e-03]",[0. 0. 0. 0. 0. 0. 0. 0.],13.329139564377838,10.387749561321366,0.5551827653187357,0.27564596754981185,-0.16418527881853362,16.269204421777935,12.329965120266195,9.644059989610001,10.617418985608115,0.5566034403588711,0.012319288747163934,0.01673504382072697,-0.4161209494493868,16.848857451500276,12.764593350647715,10.083793257091695,10.996789109244615,0.5568825412459986,0.013234645507707903,0.01277696712743592,0.012760572822145847,0.012768767343632262
0.001,64,"(<class 'keras.src.optimizers.adagrad.Adagrad'>, {'initial_accumulator_value': 0.01, 'epsilon': 1e-08, 'learning_rate': 0.001})",<class 'keras.src.optimizers.adagrad.Adagrad'>,"{'initial_accumulator_value': 0.01, 'epsilon': 1e-08, 'learning_rate': 0.001}","(<class 'keras.src.losses.Huber'>, {'reduction': 'auto'})",<class 'keras.src.losses.Huber'>,{'reduction': 'auto'},"[(<class 'keras.src.metrics.regression_metrics.MeanSquaredError'>, {}), (<class 'keras.src.metrics.regression_metrics.MeanAbsoluteError'>, {}), (<class 'keras.src.metrics.regression_metrics.MeanAbsolutePercentageError'>, {}), (<class 'keras.src.metrics.regression_metrics.RootMeanSquaredError'>, {}), (<class 'keras.src.metrics.regression_metrics.CosineSimilarity'>, {}), (<class 'keras.src.metrics.regression_metrics.LogCoshError'>, {}), (<class 'tensorflow_addons.metrics.r_square.RSquare'>, {})]",200,"[{'nodes': 128, 'activation': 'softplus', 'l2_reg': 0.0001, 'l1_reg': 0.001}]",0.99,True,PCA(n_components=0.99),1,True,"{'enabled': True, 'contamination': 0.05, 'remove_outliers': False}",False,True,"{'method': <function cosine_annealing_50 at 0x000001BAC637EB80>, 'description': 'Cosine Annealing with 50 epochs cycle'}",True,0.9,val_root_mean_squared_error,<keras.src.engine.sequential.Sequential object at 0x000001BA931EF4C0>,StandardScaler(),IsolationForest(contamination=0.05),"[1.29335337e+01 3.12315521e+02 1.33522234e+01 1.46024780e+02
 1.76724510e+01 7.11636916e-02 1.26827946e+01 5.35994768e-03]",[0. 0. 0. 0. 0. 0. 0. 0.],13.35222496737314,10.293951905820322,0.5355818470775208,0.3027943673234392,-0.17465981785515522,16.27970543347024,12.349984703231224,9.701051348813928,10.61098425818441,0.54243933453428,0.006482611429266326,0.047626096770131104,-0.29953150092051606,16.84219374171514,12.77523818393287,10.037453774228263,10.974285900596541,0.5497414429943364,0.017769268051914297,0.012125939740590312,0.00949957385797044,0.010732719141160668
0.001,64,"(<class 'keras.src.optimizers.adamax.Adamax'>, {'beta_1': 0.9, 'beta_2': 0.999, 'epsilon': 1e-07, 'learning_rate': 0.001})",<class 'keras.src.optimizers.adamax.Adamax'>,"{'beta_1': 0.9, 'beta_2': 0.999, 'epsilon': 1e-07, 'learning_rate': 0.001}","(<class 'keras.src.losses.Huber'>, {'reduction': 'auto'})",<class 'keras.src.losses.Huber'>,{'reduction': 'auto'},"[(<class 'keras.src.metrics.regression_metrics.MeanSquaredError'>, {}), (<class 'keras.src.metrics.regression_metrics.MeanAbsoluteError'>, {}), (<class 'keras.src.metrics.regression_metrics.MeanAbsolutePercentageError'>, {}), (<class 'keras.src.metrics.regression_metrics.RootMeanSquaredError'>, {}), (<class 'keras.src.metrics.regression_metrics.CosineSimilarity'>, {}), (<class 'keras.src.metrics.regression_metrics.LogCoshError'>, {}), (<class 'tensorflow_addons.metrics.r_square.RSquare'>, {})]",200,"[{'nodes': 128, 'activation': 'softplus', 'l2_reg': 0.0001, 'l1_reg': 0.001}]",0.99,True,PCA(n_components=0.99),1,True,"{'enabled': True, 'contamination': 0.05, 'remove_outliers': False}",False,True,"{'method': <function cosine_annealing_50 at 0x000001BAC637EB80>, 'description': 'Cosine Annealing with 50 epochs cycle'}",True,0.9,val_root_mean_squared_error,<keras.src.engine.sequential.Sequential object at 0x000001BA8B57C730>,StandardScaler(),IsolationForest(contamination=0.05),"[1.27948046e+01 3.08315857e+02 1.32214470e+01 1.57516418e+02
 1.75589256e+01 1.28024012e-01 1.25518942e+01 1.80977583e-02]",[0. 0. 0. 0. 0. 0. 0. 0.],13.221453517551609,10.120065914480042,0.5640120077697334,0.45720872355235875,-0.03166036300680686,16.114568051609435,12.157065281785998,9.367248268706957,10.587204251299886,0.5696019215146056,0.040668510722057155,0.13327750353721965,-0.31629260483590954,16.63780473283848,12.574389767453566,9.775801904148462,10.894932925784602,0.5743659197242058,0.04337362087333767,0.04202106579769741,0.04197753036617248,0.041999292440965896
0.001,64,"(<class 'keras.src.optimizers.adamax.Adamax'>, {'beta_1': 0.85, 'beta_2': 0.95, 'epsilon': 1e-08, 'learning_rate': 0.001})",<class 'keras.src.optimizers.adamax.Adamax'>,"{'beta_1': 0.85, 'beta_2': 0.95, 'epsilon': 1e-08, 'learning_rate': 0.001}","(<class 'keras.src.losses.Huber'>, {'reduction': 'auto'})",<class 'keras.src.losses.Huber'>,{'reduction': 'auto'},"[(<class 'keras.src.metrics.regression_metrics.MeanSquaredError'>, {}), (<class 'keras.src.metrics.regression_metrics.MeanAbsoluteError'>, {}), (<class 'keras.src.metrics.regression_metrics.MeanAbsolutePercentageError'>, {}), (<class 'keras.src.metrics.regression_metrics.RootMeanSquaredError'>, {}), (<class 'keras.src.metrics.regression_metrics.CosineSimilarity'>, {}), (<class 'keras.src.metrics.regression_metrics.LogCoshError'>, {}), (<class 'tensorflow_addons.metrics.r_square.RSquare'>, {})]",200,"[{'nodes': 128, 'activation': 'softplus', 'l2_reg': 0.0001, 'l1_reg': 0.001}]",0.99,True,PCA(n_components=0.99),1,True,"{'enabled': True, 'contamination': 0.05, 'remove_outliers': False}",False,True,"{'method': <function cosine_annealing_50 at 0x000001BAC637EB80>, 'description': 'Cosine Annealing with 50 epochs cycle'}",True,0.9,val_root_mean_squared_error,<keras.src.engine.sequential.Sequential object at 0x000001BA8BEAFB50>,StandardScaler(),IsolationForest(contamination=0.05),"[1.27663231e+01 3.07649048e+02 1.32001123e+01 1.75601242e+02
 1.75399265e+01 1.25551835e-01 1.25300846e+01 2.02213526e-02]",[0. 0. 0. 0. 0. 0. 0. 0.],13.200111023298836,10.086180354843174,0.5627759138265936,0.46127795326369725,-0.034489070826878354,16.117211297580738,12.134697722904315,9.30317008737569,10.617023814472272,0.5691074140793331,0.04723097339661929,0.09238891646563174,-0.3273021740326725,16.61332784879448,12.539264139369022,9.771155593875495,10.89764619145743,0.5751046540261019,0.04382829282928654,0.04552963311295291,0.045466057842015746,0.04549783437306959
0.001,64,"(<class 'keras.src.optimizers.ftrl.Ftrl'>, {'learning_rate_power': -0.5, 'initial_accumulator_value': 0.1, 'l1_regularization_strength': 0.0, 'l2_regularization_strength': 0.0, 'learning_rate': 0.001})",<class 'keras.src.optimizers.ftrl.Ftrl'>,"{'learning_rate_power': -0.5, 'initial_accumulator_value': 0.1, 'l1_regularization_strength': 0.0, 'l2_regularization_strength': 0.0, 'learning_rate': 0.001}","(<class 'keras.src.losses.Huber'>, {'reduction': 'auto'})",<class 'keras.src.losses.Huber'>,{'reduction': 'auto'},"[(<class 'keras.src.metrics.regression_metrics.MeanSquaredError'>, {}), (<class 'keras.src.metrics.regression_metrics.MeanAbsoluteError'>, {}), (<class 'keras.src.metrics.regression_metrics.MeanAbsolutePercentageError'>, {}), (<class 'keras.src.metrics.regression_metrics.RootMeanSquaredError'>, {}), (<class 'keras.src.metrics.regression_metrics.CosineSimilarity'>, {}), (<class 'keras.src.metrics.regression_metrics.LogCoshError'>, {}), (<class 'tensorflow_addons.metrics.r_square.RSquare'>, {})]",200,"[{'nodes': 128, 'activation': 'softplus', 'l2_reg': 0.0001, 'l1_reg': 0.001}]",0.99,True,PCA(n_components=0.99),1,True,"{'enabled': True, 'contamination': 0.05, 'remove_outliers': False}",False,True,"{'method': <function cosine_annealing_50 at 0x000001BAC637EB80>, 'description': 'Cosine Annealing with 50 epochs cycle'}",True,0.9,val_root_mean_squared_error,<keras.src.engine.sequential.Sequential object at 0x000001BB9C6A9850>,StandardScaler(),IsolationForest(contamination=0.05),"[ 1.29102268e+01  3.14001892e+02  1.34001560e+01  1.01473190e+02
  1.77200985e+01  5.03266826e-02  1.27302389e+01 -1.07288361e-05]",[0. 0. 0. 0. 0. 0. 0. 0.],13.40015817901657,10.436527841124562,0.5251633409853435,0.13564259804243864,-0.2940915033660886,16.33314616954273,12.40548363602972,9.761221522958923,10.624904847338007,0.5104023171205538,0.00032038095167069287,-0.1156650922542916,-0.5500105451960275,16.913936958144564,12.839305546139004,10.218680070771835,11.01029416630949,0.5179758680128047,3.5085468750158386e-05,0.00017773321021042563,6.324488177915514e-05,0.00010602224232673113
0.001,64,"(<class 'keras.src.optimizers.ftrl.Ftrl'>, {'learning_rate_power': -0.5, 'initial_accumulator_value': 0.05, 'l1_regularization_strength': 0.01, 'l2_regularization_strength': 0.01, 'learning_rate': 0.001})",<class 'keras.src.optimizers.ftrl.Ftrl'>,"{'learning_rate_power': -0.5, 'initial_accumulator_value': 0.05, 'l1_regularization_strength': 0.01, 'l2_regularization_strength': 0.01, 'learning_rate': 0.001}","(<class 'keras.src.losses.Huber'>, {'reduction': 'auto'})",<class 'keras.src.losses.Huber'>,{'reduction': 'auto'},"[(<class 'keras.src.metrics.regression_metrics.MeanSquaredError'>, {}), (<class 'keras.src.metrics.regression_metrics.MeanAbsoluteError'>, {}), (<class 'keras.src.metrics.regression_metrics.MeanAbsolutePercentageError'>, {}), (<class 'keras.src.metrics.regression_metrics.RootMeanSquaredError'>, {}), (<class 'keras.src.metrics.regression_metrics.CosineSimilarity'>, {}), (<class 'keras.src.metrics.regression_metrics.LogCoshError'>, {}), (<class 'tensorflow_addons.metrics.r_square.RSquare'>, {})]",200,"[{'nodes': 128, 'activation': 'softplus', 'l2_reg': 0.0001, 'l1_reg': 0.001}]",0.99,True,PCA(n_components=0.99),1,True,"{'enabled': True, 'contamination': 0.05, 'remove_outliers': False}",False,True,"{'method': <function cosine_annealing_50 at 0x000001BAC637EB80>, 'description': 'Cosine Annealing with 50 epochs cycle'}",True,0.9,val_root_mean_squared_error,<keras.src.engine.sequential.Sequential object at 0x000001BB84E58E20>,StandardScaler(),IsolationForest(contamination=0.05),"[1.29059906e+01 3.13940704e+02 1.33956919e+01 1.05917656e+02
 1.77183723e+01 4.75013256e-02 1.27257433e+01 1.84118748e-04]",[0. 0. 0. 0. 0. 0. 0. 0.],13.395697477091732,10.436647594453907,0.5237506621931838,0.17534409728780673,-0.2543834499020299,16.332060644178174,12.403665531067983,9.757626156249609,10.625939883563069,0.5086362191374377,0.0006885945829106498,-0.0762279042020165,-0.5077097714708283,16.91278254957551,12.836948844828008,10.221949763543911,11.010925385059203,0.5150209308052204,-0.00028487542940184115,0.00020185957675440433,-0.0009717828633373126,
0.001,64,"(<class 'keras.src.optimizers.adam.Adam'>, {'beta_1': 0.99, 'beta_2': 0.9995, 'epsilon': 1e-06, 'amsgrad': False, 'learning_rate': 0.001})",<class 'keras.src.optimizers.adam.Adam'>,"{'beta_1': 0.99, 'beta_2': 0.9995, 'epsilon': 1e-06, 'amsgrad': False, 'learning_rate': 0.001}","(<class 'keras.src.losses.MeanSquaredError'>, {'reduction': 'auto'})",<class 'keras.src.losses.MeanSquaredError'>,{'reduction': 'auto'},"[(<class 'keras.src.metrics.regression_metrics.MeanSquaredError'>, {}), (<class 'keras.src.metrics.regression_metrics.MeanAbsoluteError'>, {}), (<class 'keras.src.metrics.regression_metrics.MeanAbsolutePercentageError'>, {}), (<class 'keras.src.metrics.regression_metrics.RootMeanSquaredError'>, {}), (<class 'keras.src.metrics.regression_metrics.CosineSimilarity'>, {}), (<class 'keras.src.metrics.regression_metrics.LogCoshError'>, {}), (<class 'tensorflow_addons.metrics.r_square.RSquare'>, {})]",200,"[{'nodes': 128, 'activation': 'softplus', 'l2_reg': 0.0001, 'l1_reg': 0.001}]",0.99,True,PCA(n_components=0.99),1,True,"{'enabled': True, 'contamination': 0.05, 'remove_outliers': False}",False,True,"{'method': <function cosine_annealing_50 at 0x000001BAC637EB80>, 'description': 'Cosine Annealing with 50 epochs cycle'}",True,0.9,val_root_mean_squared_error,<keras.src.engine.sequential.Sequential object at 0x000001BA931E6070>,StandardScaler(),IsolationForest(contamination=0.05),"[3.06675690e+02 3.06595123e+02 1.32246895e+01 2.11054382e+02
 1.75098572e+01 1.05421156e-01 1.25544767e+01 2.35778689e-02]",[0. 0. 0. 0. 0. 0. 0. 0.],13.224689584706152,10.272876489707912,0.5527105774324563,-0.025190476789384648,-0.5398797769417647,16.072765743282442,12.178240657754333,9.506786196954215,10.489025166046607,0.5598530606478047,0.026377960853383866,-0.32769520629452287,-0.7482497544665979,16.529654386907247,12.5649163842532,9.917709840505198,10.744315109731438,0.5624230485102192,0.029486997897817575,0.02793247937560072,0.02784596618773004,0.027889189235839114
0.001,64,"(<class 'keras.src.optimizers.adam.Adam'>, {'beta_1': 0.99, 'beta_2': 0.9995, 'epsilon': 1e-06, 'amsgrad': False, 'learning_rate': 0.001})",<class 'keras.src.optimizers.adam.Adam'>,"{'beta_1': 0.99, 'beta_2': 0.9995, 'epsilon': 1e-06, 'amsgrad': False, 'learning_rate': 0.001}","(<class 'keras.src.losses.MeanAbsoluteError'>, {'reduction': 'auto'})",<class 'keras.src.losses.MeanAbsoluteError'>,{'reduction': 'auto'},"[(<class 'keras.src.metrics.regression_metrics.MeanSquaredError'>, {}), (<class 'keras.src.metrics.regression_metrics.MeanAbsoluteError'>, {}), (<class 'keras.src.metrics.regression_metrics.MeanAbsolutePercentageError'>, {}), (<class 'keras.src.metrics.regression_metrics.RootMeanSquaredError'>, {}), (<class 'keras.src.metrics.regression_metrics.CosineSimilarity'>, {}), (<class 'keras.src.metrics.regression_metrics.LogCoshError'>, {}), (<class 'tensorflow_addons.metrics.r_square.RSquare'>, {})]",200,"[{'nodes': 128, 'activation': 'softplus', 'l2_reg': 0.0001, 'l1_reg': 0.001}]",0.99,True,PCA(n_components=0.99),1,True,"{'enabled': True, 'contamination': 0.05, 'remove_outliers': False}",False,True,"{'method': <function cosine_annealing_50 at 0x000001BAC637EB80>, 'description': 'Cosine Annealing with 50 epochs cycle'}",True,0.9,val_root_mean_squared_error,<keras.src.engine.sequential.Sequential object at 0x000001BAB95701F0>,StandardScaler(),IsolationForest(contamination=0.05),"[1.32500153e+01 3.07468781e+02 1.31947098e+01 1.64863647e+02
 1.75347881e+01 1.23432808e-01 1.25252447e+01 2.07954049e-02]",[0. 0. 0. 0. 0. 0. 0. 0.],13.194709197272342,10.051712229490498,0.561716404732474,0.4137687808585317,-0.09914324806702601,16.1294914462947,12.137279592188625,9.29434848725522,10.630754699519958,0.5685775846843983,0.04813442321866112,0.02929343189477187,-0.40027574710284974,16.61207188786417,12.5352930129945,9.786931252353373,10.899948195044445,0.5742427973405565,0.04228454110477306,0.04520948216171709,0.04502024574985122,0.04511476473554992
0.001,64,"(<class 'keras.src.optimizers.adam.Adam'>, {'beta_1': 0.99, 'beta_2': 0.9995, 'epsilon': 1e-06, 'amsgrad': False, 'learning_rate': 0.001})",<class 'keras.src.optimizers.adam.Adam'>,"{'beta_1': 0.99, 'beta_2': 0.9995, 'epsilon': 1e-06, 'amsgrad': False, 'learning_rate': 0.001}","(<class 'keras.src.losses.MeanAbsolutePercentageError'>, {'reduction': 'auto'})",<class 'keras.src.losses.MeanAbsolutePercentageError'>,{'reduction': 'auto'},"[(<class 'keras.src.metrics.regression_metrics.MeanSquaredError'>, {}), (<class 'keras.src.metrics.regression_metrics.MeanAbsoluteError'>, {}), (<class 'keras.src.metrics.regression_metrics.MeanAbsolutePercentageError'>, {}), (<class 'keras.src.metrics.regression_metrics.RootMeanSquaredError'>, {}), (<class 'keras.src.metrics.regression_metrics.CosineSimilarity'>, {}), (<class 'keras.src.metrics.regression_metrics.LogCoshError'>, {}), (<class 'tensorflow_addons.metrics.r_square.RSquare'>, {})]",200,"[{'nodes': 128, 'activation': 'softplus', 'l2_reg': 0.0001, 'l1_reg': 0.001}]",0.99,True,PCA(n_components=0.99),1,True,"{'enabled': True, 'contamination': 0.05, 'remove_outliers': False}",False,True,"{'method': <function cosine_annealing_50 at 0x000001BAC637EB80>, 'description': 'Cosine Annealing with 50 epochs cycle'}",True,0.9,val_root_mean_squared_error,<keras.src.engine.sequential.Sequential object at 0x000001BA88891730>,StandardScaler(),IsolationForest(contamination=0.05),"[ 1.18085144e+02  3.14301727e+02  1.34031677e+01  1.18009544e+02
  1.77285576e+01  2.29560444e-03  1.27333527e+01 -9.65595245e-04]",[0. 0. 0. 0. 0. 0. 0. 0.],13.403161974968517,10.40649259132283,0.5011478015186297,0.19302021940647313,-0.24184916588832572,16.3349865883098,12.40674861664248,9.739164511219956,10.627144325498099,0.5016777930839603,0.0025793139182766385,-0.029881024707790912,-0.39770125193877826,16.930304219052722,12.847416984312511,10.204798387761588,11.025409115344543,0.4963063284905196,0.001393499262777779,0.0019864065905272088,0.0018094342118735172,0.0018958565461529415
0.001,64,"(<class 'keras.src.optimizers.adam.Adam'>, {'beta_1': 0.99, 'beta_2': 0.9995, 'epsilon': 1e-06, 'amsgrad': False, 'learning_rate': 0.001})",<class 'keras.src.optimizers.adam.Adam'>,"{'beta_1': 0.99, 'beta_2': 0.9995, 'epsilon': 1e-06, 'amsgrad': False, 'learning_rate': 0.001}","(<class 'keras.src.losses.MeanSquaredLogarithmicError'>, {'reduction': 'auto'})",<class 'keras.src.losses.MeanSquaredLogarithmicError'>,{'reduction': 'auto'},"[(<class 'keras.src.metrics.regression_metrics.MeanSquaredError'>, {}), (<class 'keras.src.metrics.regression_metrics.MeanAbsoluteError'>, {}), (<class 'keras.src.metrics.regression_metrics.MeanAbsolutePercentageError'>, {}), (<class 'keras.src.metrics.regression_metrics.RootMeanSquaredError'>, {}), (<class 'keras.src.metrics.regression_metrics.CosineSimilarity'>, {}), (<class 'keras.src.metrics.regression_metrics.LogCoshError'>, {}), (<class 'tensorflow_addons.metrics.r_square.RSquare'>, {})]",200,"[{'nodes': 128, 'activation': 'softplus', 'l2_reg': 0.0001, 'l1_reg': 0.001}]",0.99,True,PCA(n_components=0.99),1,True,"{'enabled': True, 'contamination': 0.05, 'remove_outliers': False}",False,True,"{'method': <function cosine_annealing_50 at 0x000001BAC637EB80>, 'description': 'Cosine Annealing with 50 epochs cycle'}",True,0.9,val_root_mean_squared_error,<keras.src.engine.sequential.Sequential object at 0x000001BA9C9E7370>,StandardScaler(),IsolationForest(contamination=0.05),"[ 1.73475528e+00  3.15331329e+02  1.33593845e+01  2.86799683e+02
  1.77575703e+01  4.75013256e-02  1.26898909e+01 -4.24456596e-03]",[0. 0. 0. 0. 0. 0. 0. 0.],13.359386622444886,10.31828125241248,0.5237506621931838,2.8780944876463668,2.3122323829129856,16.198151600793523,12.428846113994103,9.685875412810379,10.778783022150831,0.5086362191374377,0.008036830221150825,2.6554203091018103,2.092757252290162,16.758699738936404,12.826780850410454,9.951311675041069,11.106735608736106,0.5150209308052204,0.026198837845144828,0.017117834033147827,0.01230036530002333,0.01451053450955167
0.001,64,"(<class 'keras.src.optimizers.adam.Adam'>, {'beta_1': 0.99, 'beta_2': 0.9995, 'epsilon': 1e-06, 'amsgrad': False, 'learning_rate': 0.001})",<class 'keras.src.optimizers.adam.Adam'>,"{'beta_1': 0.99, 'beta_2': 0.9995, 'epsilon': 1e-06, 'amsgrad': False, 'learning_rate': 0.001}","(<class 'keras.src.losses.Huber'>, {'reduction': 'auto'})",<class 'keras.src.losses.Huber'>,{'reduction': 'auto'},"[(<class 'keras.src.metrics.regression_metrics.MeanSquaredError'>, {}), (<class 'keras.src.metrics.regression_metrics.MeanAbsoluteError'>, {}), (<class 'keras.src.metrics.regression_metrics.MeanAbsolutePercentageError'>, {}), (<class 'keras.src.metrics.regression_metrics.RootMeanSquaredError'>, {}), (<class 'keras.src.metrics.regression_metrics.CosineSimilarity'>, {}), (<class 'keras.src.metrics.regression_metrics.LogCoshError'>, {}), (<class 'tensorflow_addons.metrics.r_square.RSquare'>, {})]",200,"[{'nodes': 128, 'activation': 'softplus', 'l2_reg': 0.0001, 'l1_reg': 0.001}]",0.99,True,PCA(n_components=0.99),1,True,"{'enabled': True, 'contamination': 0.05, 'remove_outliers': False}",False,True,"{'method': <function cosine_annealing_50 at 0x000001BAC637EB80>, 'description': 'Cosine Annealing with 50 epochs cycle'}",True,0.9,val_root_mean_squared_error,<keras.src.engine.sequential.Sequential object at 0x000001BB932ED4C0>,StandardScaler(),IsolationForest(contamination=0.05),"[1.27643871e+01 3.07438873e+02 1.31977005e+01 1.55714966e+02
 1.75339355e+01 1.23785980e-01 1.25280676e+01 2.08906531e-02]",[0. 0. 0. 0. 0. 0. 0. 0.],13.197700811188508,10.099459612172154,0.5618929895814939,0.3877105301507266,-0.11647076173501136,16.12395277272098,12.135592667805922,9.308914345830416,10.623293568478127,0.5683656529264244,0.04664268451389809,0.0035508823791284257,-0.4061212716682917,16.615208086762905,12.536287628895447,9.72920240774131,10.903544962516419,0.5737503078059591,0.04793368744937813,0.04728818598163811,0.04727937464459472,0.047283780107867227
0.001,64,"(<class 'keras.src.optimizers.adam.Adam'>, {'beta_1': 0.99, 'beta_2': 0.9995, 'epsilon': 1e-06, 'amsgrad': False, 'learning_rate': 0.001})",<class 'keras.src.optimizers.adam.Adam'>,"{'beta_1': 0.99, 'beta_2': 0.9995, 'epsilon': 1e-06, 'amsgrad': False, 'learning_rate': 0.001}","(<class 'keras.src.losses.LogCosh'>, {'reduction': 'auto'})",<class 'keras.src.losses.LogCosh'>,{'reduction': 'auto'},"[(<class 'keras.src.metrics.regression_metrics.MeanSquaredError'>, {}), (<class 'keras.src.metrics.regression_metrics.MeanAbsoluteError'>, {}), (<class 'keras.src.metrics.regression_metrics.MeanAbsolutePercentageError'>, {}), (<class 'keras.src.metrics.regression_metrics.RootMeanSquaredError'>, {}), (<class 'keras.src.metrics.regression_metrics.CosineSimilarity'>, {}), (<class 'keras.src.metrics.regression_metrics.LogCoshError'>, {}), (<class 'tensorflow_addons.metrics.r_square.RSquare'>, {})]",200,"[{'nodes': 128, 'activation': 'softplus', 'l2_reg': 0.0001, 'l1_reg': 0.001}]",0.99,True,PCA(n_components=0.99),1,True,"{'enabled': True, 'contamination': 0.05, 'remove_outliers': False}",False,True,"{'method': <function cosine_annealing_50 at 0x000001BAC637EB80>, 'description': 'Cosine Annealing with 50 epochs cycle'}",True,0.9,val_root_mean_squared_error,<keras.src.engine.sequential.Sequential object at 0x000001BB948D5AF0>,StandardScaler(),IsolationForest(contamination=0.05),"[1.25875998e+01 3.07291290e+02 1.31977215e+01 1.70782852e+02
 1.75297260e+01 1.23432808e-01 1.25279322e+01 2.13606954e-02]",[0. 0. 0. 0. 0. 0. 0. 0.],13.19771709112655,10.109837529854616,0.561716404732474,0.284788034836717,-0.21982689889962437,16.119939177885424,12.135924571993248,9.321594622352503,10.613561068076379,0.5678358235314895,0.04534405462693037,-0.11542901489229233,-0.5543126107298765,16.620015213777815,12.541590886452473,9.755100868504373,10.905382191920674,0.5731346958877124,0.04539935308094035,0.04537170385393536,0.045371687004672735,0.04537169542930326
0.001,64,"(<class 'keras.src.optimizers.adam.Adam'>, {'beta_1': 0.99, 'beta_2': 0.9995, 'epsilon': 1e-06, 'amsgrad': False, 'learning_rate': 0.001})",<class 'keras.src.optimizers.adam.Adam'>,"{'beta_1': 0.99, 'beta_2': 0.9995, 'epsilon': 1e-06, 'amsgrad': False, 'learning_rate': 0.001}","(<class '__main__.CustomLossWrapper'>, {'loss_function': <function custom_median_loss at 0x000001BAFB5574C0>, 'lambda_sign': 1.0})",<class '__main__.CustomLossWrapper'>,"{'loss_function': <function custom_median_loss at 0x000001BAFB5574C0>, 'lambda_sign': 1.0}","[(<class 'keras.src.metrics.regression_metrics.MeanSquaredError'>, {}), (<class 'keras.src.metrics.regression_metrics.MeanAbsoluteError'>, {}), (<class 'keras.src.metrics.regression_metrics.MeanAbsolutePercentageError'>, {}), (<class 'keras.src.metrics.regression_metrics.RootMeanSquaredError'>, {}), (<class 'keras.src.metrics.regression_metrics.CosineSimilarity'>, {}), (<class 'keras.src.metrics.regression_metrics.LogCoshError'>, {}), (<class 'tensorflow_addons.metrics.r_square.RSquare'>, {})]",200,"[{'nodes': 128, 'activation': 'softplus', 'l2_reg': 0.0001, 'l1_reg': 0.001}]",0.99,True,PCA(n_components=0.99),1,True,"{'enabled': True, 'contamination': 0.05, 'remove_outliers': False}",False,True,"{'method': <function cosine_annealing_50 at 0x000001BAC637EB80>, 'description': 'Cosine Annealing with 50 epochs cycle'}",True,0.9,val_root_mean_squared_error,<keras.src.engine.sequential.Sequential object at 0x000001BB9690A4F0>,StandardScaler(),IsolationForest(contamination=0.05),"[1.09526672e+01 3.10843201e+02 1.32793283e+01 2.30886063e+02
 1.76307468e+01 1.25551835e-01 1.26109200e+01 1.00488663e-02]",[0. 0. 0. 0. 0. 0. 0. 0.],13.279326826784816,10.217546805696397,0.5627759138265936,0.7059183842338446,0.19706032344007385,16.234889488344248,12.265909324617446,9.51960827397339,10.65889905386724,0.5596058069301685,0.025064808699241214,0.4454299151425818,-0.019623315230648863,16.804953156746794,12.695019833829317,9.982394689228194,11.019142842285568,0.5664860871706476,0.02315716089570155,0.024110984797471383,0.024073251787259258,0.024092110905196928
0.001,64,"(<class 'keras.src.optimizers.adam.Adam'>, {'beta_1': 0.99, 'beta_2': 0.9995, 'epsilon': 1e-06, 'amsgrad': False, 'learning_rate': 0.001})",<class 'keras.src.optimizers.adam.Adam'>,"{'beta_1': 0.99, 'beta_2': 0.9995, 'epsilon': 1e-06, 'amsgrad': False, 'learning_rate': 0.001}","(<class '__main__.CustomLossWrapper'>, {'loss_function': <function custom_median_loss at 0x000001BAFB5574C0>, 'lambda_sign': 1.5})",<class '__main__.CustomLossWrapper'>,"{'loss_function': <function custom_median_loss at 0x000001BAFB5574C0>, 'lambda_sign': 1.5}","[(<class 'keras.src.metrics.regression_metrics.MeanSquaredError'>, {}), (<class 'keras.src.metrics.regression_metrics.MeanAbsoluteError'>, {}), (<class 'keras.src.metrics.regression_metrics.MeanAbsolutePercentageError'>, {}), (<class 'keras.src.metrics.regression_metrics.RootMeanSquaredError'>, {}), (<class 'keras.src.metrics.regression_metrics.CosineSimilarity'>, {}), (<class 'keras.src.metrics.regression_metrics.LogCoshError'>, {}), (<class 'tensorflow_addons.metrics.r_square.RSquare'>, {})]",200,"[{'nodes': 128, 'activation': 'softplus', 'l2_reg': 0.0001, 'l1_reg': 0.001}]",0.99,True,PCA(n_components=0.99),1,True,"{'enabled': True, 'contamination': 0.05, 'remove_outliers': False}",False,True,"{'method': <function cosine_annealing_50 at 0x000001BAC637EB80>, 'description': 'Cosine Annealing with 50 epochs cycle'}",True,0.9,val_root_mean_squared_error,<keras.src.engine.sequential.Sequential object at 0x000001BB97D36AF0>,StandardScaler(),IsolationForest(contamination=0.05),"[1.11765528e+01 3.10359131e+02 1.32714548e+01 1.70025299e+02
 1.76170120e+01 1.16016246e-01 1.26012745e+01 1.15904808e-02]",[0. 0. 0. 0. 0. 0. 0. 0.],13.271453831887676,10.242947367056399,0.5580081229030549,0.25296923814291045,-0.2704206674797753,16.205082210515148,12.214190063677956,9.394184280725685,10.652557274677731,0.5634559005333616,0.037909902880791706,-0.025397386873148763,-0.4608276699651649,16.71790912141945,12.619978920110022,9.799009891675535,10.963833781714193,0.5710416153656734,0.04110256696977821,0.03950623492528496,0.039441731790498875,0.03947397018258398
0.001,64,"(<class 'keras.src.optimizers.adam.Adam'>, {'beta_1': 0.99, 'beta_2': 0.9995, 'epsilon': 1e-06, 'amsgrad': False, 'learning_rate': 0.001})",<class 'keras.src.optimizers.adam.Adam'>,"{'beta_1': 0.99, 'beta_2': 0.9995, 'epsilon': 1e-06, 'amsgrad': False, 'learning_rate': 0.001}","(<class '__main__.CustomLossWrapper'>, {'loss_function': <function custom_median_loss at 0x000001BAFB5574C0>, 'lambda_sign': 2.0})",<class '__main__.CustomLossWrapper'>,"{'loss_function': <function custom_median_loss at 0x000001BAFB5574C0>, 'lambda_sign': 2.0}","[(<class 'keras.src.metrics.regression_metrics.MeanSquaredError'>, {}), (<class 'keras.src.metrics.regression_metrics.MeanAbsoluteError'>, {}), (<class 'keras.src.metrics.regression_metrics.MeanAbsolutePercentageError'>, {}), (<class 'keras.src.metrics.regression_metrics.RootMeanSquaredError'>, {}), (<class 'keras.src.metrics.regression_metrics.CosineSimilarity'>, {}), (<class 'keras.src.metrics.regression_metrics.LogCoshError'>, {}), (<class 'tensorflow_addons.metrics.r_square.RSquare'>, {})]",200,"[{'nodes': 128, 'activation': 'softplus', 'l2_reg': 0.0001, 'l1_reg': 0.001}]",0.99,True,PCA(n_components=0.99),1,True,"{'enabled': True, 'contamination': 0.05, 'remove_outliers': False}",False,True,"{'method': <function cosine_annealing_50 at 0x000001BAC637EB80>, 'description': 'Cosine Annealing with 50 epochs cycle'}",True,0.9,val_root_mean_squared_error,<keras.src.engine.sequential.Sequential object at 0x000001BB92036790>,StandardScaler(),IsolationForest(contamination=0.05),"[1.13728418e+01 3.10549805e+02 1.32518311e+01 1.73486252e+02
 1.76224232e+01 1.14956737e-01 1.25834064e+01 1.09832287e-02]",[0. 0. 0. 0. 0. 0. 0. 0.],13.251829299498766,10.221851923397903,0.5574783683559951,0.5531919845043511,0.06505282317920669,16.216308509706362,12.206070827810827,9.373562413628559,10.690241628231341,0.565151354597153,0.040021857844136484,0.17426319276686472,-0.32726432872226996,16.771028329882295,12.645937940052049,9.794267968005258,11.016275420164034,0.5738734301896085,0.04156659532420583,0.04079422658417116,0.04077960310627896,0.0407869141898491
0.001,64,"(<class 'keras.src.optimizers.adam.Adam'>, {'beta_1': 0.99, 'beta_2': 0.9995, 'epsilon': 1e-06, 'amsgrad': False, 'learning_rate': 0.001})",<class 'keras.src.optimizers.adam.Adam'>,"{'beta_1': 0.99, 'beta_2': 0.9995, 'epsilon': 1e-06, 'amsgrad': False, 'learning_rate': 0.001}","(<class '__main__.CustomLossWrapper'>, {'loss_function': <function custom_median_loss at 0x000001BAFB5574C0>, 'lambda_sign': 2.5})",<class '__main__.CustomLossWrapper'>,"{'loss_function': <function custom_median_loss at 0x000001BAFB5574C0>, 'lambda_sign': 2.5}","[(<class 'keras.src.metrics.regression_metrics.MeanSquaredError'>, {}), (<class 'keras.src.metrics.regression_metrics.MeanAbsoluteError'>, {}), (<class 'keras.src.metrics.regression_metrics.MeanAbsolutePercentageError'>, {}), (<class 'keras.src.metrics.regression_metrics.RootMeanSquaredError'>, {}), (<class 'keras.src.metrics.regression_metrics.CosineSimilarity'>, {}), (<class 'keras.src.metrics.regression_metrics.LogCoshError'>, {}), (<class 'tensorflow_addons.metrics.r_square.RSquare'>, {})]",200,"[{'nodes': 128, 'activation': 'softplus', 'l2_reg': 0.0001, 'l1_reg': 0.001}]",0.99,True,PCA(n_components=0.99),1,True,"{'enabled': True, 'contamination': 0.05, 'remove_outliers': False}",False,True,"{'method': <function cosine_annealing_50 at 0x000001BAC637EB80>, 'description': 'Cosine Annealing with 50 epochs cycle'}",True,0.9,val_root_mean_squared_error,<keras.src.engine.sequential.Sequential object at 0x000001BA8AD66DC0>,StandardScaler(),IsolationForest(contamination=0.05),"[1.16423521e+01 3.11526093e+02 1.32976751e+01 1.91378021e+02
 1.76501026e+01 8.95285159e-02 1.26277466e+01 7.87401199e-03]",[0. 0. 0. 0. 0. 0. 0. 0.],13.297675260647592,10.276019989839023,0.5447642592265584,0.12263372259022118,-0.3205489293191297,16.232928539371994,12.274614174407853,9.514066917990016,10.623160235220032,0.5554024937303521,0.02563231765551688,-0.3345756099145378,-0.7812183281158401,16.791364807392902,12.709471163306082,9.945948416466772,10.977765664214008,0.549618320610687,0.026723667898019835,0.026177992776768355,0.026166618285970233,0.0261723049134497
0.001,64,"(<class 'keras.src.optimizers.adam.Adam'>, {'beta_1': 0.99, 'beta_2': 0.9995, 'epsilon': 1e-06, 'amsgrad': False, 'learning_rate': 0.001})",<class 'keras.src.optimizers.adam.Adam'>,"{'beta_1': 0.99, 'beta_2': 0.9995, 'epsilon': 1e-06, 'amsgrad': False, 'learning_rate': 0.001}","(<class '__main__.CustomLossWrapper'>, {'loss_function': <function custom_median_loss at 0x000001BAFB5574C0>, 'lambda_sign': 3.0})",<class '__main__.CustomLossWrapper'>,"{'loss_function': <function custom_median_loss at 0x000001BAFB5574C0>, 'lambda_sign': 3.0}","[(<class 'keras.src.metrics.regression_metrics.MeanSquaredError'>, {}), (<class 'keras.src.metrics.regression_metrics.MeanAbsoluteError'>, {}), (<class 'keras.src.metrics.regression_metrics.MeanAbsolutePercentageError'>, {}), (<class 'keras.src.metrics.regression_metrics.RootMeanSquaredError'>, {}), (<class 'keras.src.metrics.regression_metrics.CosineSimilarity'>, {}), (<class 'keras.src.metrics.regression_metrics.LogCoshError'>, {}), (<class 'tensorflow_addons.metrics.r_square.RSquare'>, {})]",200,"[{'nodes': 128, 'activation': 'softplus', 'l2_reg': 0.0001, 'l1_reg': 0.001}]",0.99,True,PCA(n_components=0.99),1,True,"{'enabled': True, 'contamination': 0.05, 'remove_outliers': False}",False,True,"{'method': <function cosine_annealing_50 at 0x000001BAC637EB80>, 'description': 'Cosine Annealing with 50 epochs cycle'}",True,0.9,val_root_mean_squared_error,<keras.src.engine.sequential.Sequential object at 0x000001BB92017190>,StandardScaler(),IsolationForest(contamination=0.05),"[1.17822227e+01 3.10477509e+02 1.32553253e+01 2.05867249e+02
 1.76203728e+01 1.20254286e-01 1.25854702e+01 1.12134814e-02]",[0. 0. 0. 0. 0. 0. 0. 0.],13.255319831027057,10.210326030868277,0.5601271410912944,0.4401888167017936,0.008493678564994167,16.20716343370738,12.20965573153418,9.364527420007013,10.667003360433103,0.5656458620324255,0.0409471620143622,0.15755267769622275,-0.24658660093713436,16.750193454532926,12.635683918014033,9.818974165525741,10.996073771499207,0.5680866781580891,0.03914893173939251,0.04004804687687735,0.040027860922917116,0.040037952627751984
0.001,64,"(<class 'keras.src.optimizers.adam.Adam'>, {'beta_1': 0.99, 'beta_2': 0.9995, 'epsilon': 1e-06, 'amsgrad': False, 'learning_rate': 0.001})",<class 'keras.src.optimizers.adam.Adam'>,"{'beta_1': 0.99, 'beta_2': 0.9995, 'epsilon': 1e-06, 'amsgrad': False, 'learning_rate': 0.001}","(<class '__main__.CustomLossWrapper'>, {'loss_function': <function custom_median_loss_scaled at 0x000001BAFB5578B0>, 'lambda_sign': 1.0})",<class '__main__.CustomLossWrapper'>,"{'loss_function': <function custom_median_loss_scaled at 0x000001BAFB5578B0>, 'lambda_sign': 1.0}","[(<class 'keras.src.metrics.regression_metrics.MeanSquaredError'>, {}), (<class 'keras.src.metrics.regression_metrics.MeanAbsoluteError'>, {}), (<class 'keras.src.metrics.regression_metrics.MeanAbsolutePercentageError'>, {}), (<class 'keras.src.metrics.regression_metrics.RootMeanSquaredError'>, {}), (<class 'keras.src.metrics.regression_metrics.CosineSimilarity'>, {}), (<class 'keras.src.metrics.regression_metrics.LogCoshError'>, {}), (<class 'tensorflow_addons.metrics.r_square.RSquare'>, {})]",200,"[{'nodes': 128, 'activation': 'softplus', 'l2_reg': 0.0001, 'l1_reg': 0.001}]",0.99,True,PCA(n_components=0.99),1,True,"{'enabled': True, 'contamination': 0.05, 'remove_outliers': False}",False,True,"{'method': <function cosine_annealing_50 at 0x000001BAC637EB80>, 'description': 'Cosine Annealing with 50 epochs cycle'}",True,0.9,val_root_mean_squared_error,<keras.src.engine.sequential.Sequential object at 0x000001BAC6AC3910>,StandardScaler(),IsolationForest(contamination=0.05),"[1.05259275e+01 3.11210480e+02 1.32409925e+01 2.85567535e+02
 1.76411591e+01 1.20960623e-01 1.25715199e+01 8.87912512e-03]",[0. 0. 0. 0. 0. 0. 0. 0.],13.240996872513186,10.131770364102426,0.5604803107893342,1.116977603749201,0.5569512935739893,16.213363312630182,12.20112850952025,9.314193856761133,10.735363876484474,0.5625022076224789,0.046101991992622326,0.7301236210899713,0.16927927883346394,16.78487628413242,12.628627190924531,9.707020526717688,11.079862591251047,0.5677173110071411,0.050104330096795206,0.04810316104470877,0.04801990918582767,0.04806151708922804
0.001,64,"(<class 'keras.src.optimizers.adam.Adam'>, {'beta_1': 0.99, 'beta_2': 0.9995, 'epsilon': 1e-06, 'amsgrad': False, 'learning_rate': 0.001})",<class 'keras.src.optimizers.adam.Adam'>,"{'beta_1': 0.99, 'beta_2': 0.9995, 'epsilon': 1e-06, 'amsgrad': False, 'learning_rate': 0.001}","(<class '__main__.CustomLossWrapper'>, {'loss_function': <function custom_median_loss_scaled at 0x000001BAFB5578B0>, 'lambda_sign': 1.5})",<class '__main__.CustomLossWrapper'>,"{'loss_function': <function custom_median_loss_scaled at 0x000001BAFB5578B0>, 'lambda_sign': 1.5}","[(<class 'keras.src.metrics.regression_metrics.MeanSquaredError'>, {}), (<class 'keras.src.metrics.regression_metrics.MeanAbsoluteError'>, {}), (<class 'keras.src.metrics.regression_metrics.MeanAbsolutePercentageError'>, {}), (<class 'keras.src.metrics.regression_metrics.RootMeanSquaredError'>, {}), (<class 'keras.src.metrics.regression_metrics.CosineSimilarity'>, {}), (<class 'keras.src.metrics.regression_metrics.LogCoshError'>, {}), (<class 'tensorflow_addons.metrics.r_square.RSquare'>, {})]",200,"[{'nodes': 128, 'activation': 'softplus', 'l2_reg': 0.0001, 'l1_reg': 0.001}]",0.99,True,PCA(n_components=0.99),1,True,"{'enabled': True, 'contamination': 0.05, 'remove_outliers': False}",False,True,"{'method': <function cosine_annealing_50 at 0x000001BAC637EB80>, 'description': 'Cosine Annealing with 50 epochs cycle'}",True,0.9,val_root_mean_squared_error,<keras.src.engine.sequential.Sequential object at 0x000001BB9F7F8DF0>,StandardScaler(),IsolationForest(contamination=0.05),"[1.05604296e+01 3.10141418e+02 1.32403440e+01 2.61619598e+02
 1.76108322e+01 1.18488431e-01 1.25708904e+01 1.22838020e-02]",[0. 0. 0. 0. 0. 0. 0. 0.],13.240341665205122,10.168241383926482,0.5592442168461946,0.8557256714396063,0.3475976161785698,16.200744130369728,12.20092848614868,9.344999134895591,10.692450067121824,0.5634912224930239,0.04294711955809138,0.519086438612202,0.08201679011634366,16.744621564405396,12.623785434520098,9.844836825894507,11.012368199191892,0.5680866781580891,0.036618100674510136,0.03978261011630076,0.03953088907592893,0.03965654987083991
0.001,64,"(<class 'keras.src.optimizers.adam.Adam'>, {'beta_1': 0.99, 'beta_2': 0.9995, 'epsilon': 1e-06, 'amsgrad': False, 'learning_rate': 0.001})",<class 'keras.src.optimizers.adam.Adam'>,"{'beta_1': 0.99, 'beta_2': 0.9995, 'epsilon': 1e-06, 'amsgrad': False, 'learning_rate': 0.001}","(<class '__main__.CustomLossWrapper'>, {'loss_function': <function custom_median_loss_scaled at 0x000001BAFB5578B0>, 'lambda_sign': 2.0})",<class '__main__.CustomLossWrapper'>,"{'loss_function': <function custom_median_loss_scaled at 0x000001BAFB5578B0>, 'lambda_sign': 2.0}","[(<class 'keras.src.metrics.regression_metrics.MeanSquaredError'>, {}), (<class 'keras.src.metrics.regression_metrics.MeanAbsoluteError'>, {}), (<class 'keras.src.metrics.regression_metrics.MeanAbsolutePercentageError'>, {}), (<class 'keras.src.metrics.regression_metrics.RootMeanSquaredError'>, {}), (<class 'keras.src.metrics.regression_metrics.CosineSimilarity'>, {}), (<class 'keras.src.metrics.regression_metrics.LogCoshError'>, {}), (<class 'tensorflow_addons.metrics.r_square.RSquare'>, {})]",200,"[{'nodes': 128, 'activation': 'softplus', 'l2_reg': 0.0001, 'l1_reg': 0.001}]",0.99,True,PCA(n_components=0.99),1,True,"{'enabled': True, 'contamination': 0.05, 'remove_outliers': False}",False,True,"{'method': <function cosine_annealing_50 at 0x000001BAC637EB80>, 'description': 'Cosine Annealing with 50 epochs cycle'}",True,0.9,val_root_mean_squared_error,<keras.src.engine.sequential.Sequential object at 0x000001BBA0945D00>,StandardScaler(),IsolationForest(contamination=0.05),"[1.06682825e+01 3.11095520e+02 1.32840033e+01 1.47973175e+02
 1.76378994e+01 1.10718697e-01 1.26141882e+01 9.24527645e-03]",[0. 0. 0. 0. 0. 0. 0. 0.],13.284004121740821,10.264542940061816,0.5553593501677556,0.30433885381359704,-0.17630565118481561,16.21958877929427,12.236713999377159,9.446267631507194,10.650128021738611,0.5635265444526862,0.03257587125928254,-0.07723266887496207,-0.5760573721255277,16.797680102708146,12.679107927436135,9.899677800015601,11.017642626835721,0.5687022900763359,0.031251551411786455,0.0319137113355345,0.031899972545958805,0.03190684120127226
0.001,64,"(<class 'keras.src.optimizers.adam.Adam'>, {'beta_1': 0.99, 'beta_2': 0.9995, 'epsilon': 1e-06, 'amsgrad': False, 'learning_rate': 0.001})",<class 'keras.src.optimizers.adam.Adam'>,"{'beta_1': 0.99, 'beta_2': 0.9995, 'epsilon': 1e-06, 'amsgrad': False, 'learning_rate': 0.001}","(<class '__main__.CustomLossWrapper'>, {'loss_function': <function custom_median_loss_scaled at 0x000001BAFB5578B0>, 'lambda_sign': 2.5})",<class '__main__.CustomLossWrapper'>,"{'loss_function': <function custom_median_loss_scaled at 0x000001BAFB5578B0>, 'lambda_sign': 2.5}","[(<class 'keras.src.metrics.regression_metrics.MeanSquaredError'>, {}), (<class 'keras.src.metrics.regression_metrics.MeanAbsoluteError'>, {}), (<class 'keras.src.metrics.regression_metrics.MeanAbsolutePercentageError'>, {}), (<class 'keras.src.metrics.regression_metrics.RootMeanSquaredError'>, {}), (<class 'keras.src.metrics.regression_metrics.CosineSimilarity'>, {}), (<class 'keras.src.metrics.regression_metrics.LogCoshError'>, {}), (<class 'tensorflow_addons.metrics.r_square.RSquare'>, {})]",200,"[{'nodes': 128, 'activation': 'softplus', 'l2_reg': 0.0001, 'l1_reg': 0.001}]",0.99,True,PCA(n_components=0.99),1,True,"{'enabled': True, 'contamination': 0.05, 'remove_outliers': False}",False,True,"{'method': <function cosine_annealing_50 at 0x000001BAC637EB80>, 'description': 'Cosine Annealing with 50 epochs cycle'}",True,0.9,val_root_mean_squared_error,<keras.src.engine.sequential.Sequential object at 0x000001BBA1CADC40>,StandardScaler(),IsolationForest(contamination=0.05),"[1.06526794e+01 3.10497742e+02 1.32539415e+01 1.53313339e+02
 1.76209469e+01 1.18841603e-01 1.25827456e+01 1.11491084e-02]",[0. 0. 0. 0. 0. 0. 0. 0.],13.253939942547044,10.240665092559738,0.5594208016952146,0.8759716193066094,0.3643992642119498,16.205169616419244,12.223652703027657,9.403352856873536,10.674826104581513,0.56327929073505,0.036970918073496804,0.5101048214994918,0.08125053249454423,16.740367909518184,12.63922938210012,9.820014665490335,10.987737078461002,0.570179758680128,0.0390471119886068,0.03800901503105181,0.037980662670634026,0.03799483620621935
0.001,64,"(<class 'keras.src.optimizers.adam.Adam'>, {'beta_1': 0.99, 'beta_2': 0.9995, 'epsilon': 1e-06, 'amsgrad': False, 'learning_rate': 0.001})",<class 'keras.src.optimizers.adam.Adam'>,"{'beta_1': 0.99, 'beta_2': 0.9995, 'epsilon': 1e-06, 'amsgrad': False, 'learning_rate': 0.001}","(<class '__main__.CustomLossWrapper'>, {'loss_function': <function custom_median_loss_scaled at 0x000001BAFB5578B0>, 'lambda_sign': 3.0})",<class '__main__.CustomLossWrapper'>,"{'loss_function': <function custom_median_loss_scaled at 0x000001BAFB5578B0>, 'lambda_sign': 3.0}","[(<class 'keras.src.metrics.regression_metrics.MeanSquaredError'>, {}), (<class 'keras.src.metrics.regression_metrics.MeanAbsoluteError'>, {}), (<class 'keras.src.metrics.regression_metrics.MeanAbsolutePercentageError'>, {}), (<class 'keras.src.metrics.regression_metrics.RootMeanSquaredError'>, {}), (<class 'keras.src.metrics.regression_metrics.CosineSimilarity'>, {}), (<class 'keras.src.metrics.regression_metrics.LogCoshError'>, {}), (<class 'tensorflow_addons.metrics.r_square.RSquare'>, {})]",200,"[{'nodes': 128, 'activation': 'softplus', 'l2_reg': 0.0001, 'l1_reg': 0.001}]",0.99,True,PCA(n_components=0.99),1,True,"{'enabled': True, 'contamination': 0.05, 'remove_outliers': False}",False,True,"{'method': <function cosine_annealing_50 at 0x000001BAC637EB80>, 'description': 'Cosine Annealing with 50 epochs cycle'}",True,0.9,val_root_mean_squared_error,<keras.src.engine.sequential.Sequential object at 0x000001BBA3EC2C70>,StandardScaler(),IsolationForest(contamination=0.05),"[1.07014246e+01 3.10794128e+02 1.32649803e+01 1.74495880e+02
 1.76293545e+01 1.13897227e-01 1.25953913e+01 1.02051497e-02]",[0. 0. 0. 0. 0. 0. 0. 0.],13.264981131896963,10.187926406646511,0.5569486138089352,0.5005694937605601,-0.00027364286852349373,16.22353030899812,12.2213682235339,9.403381063069466,10.681123403533073,0.5643389495249197,0.036968029381837075,0.07723790737901243,-0.4218415670986281,16.799023889334546,12.659613859431994,9.821013382908493,11.042083691654614,0.5606993351391283,0.03894938093422674,0.03795870515803191,0.03793284973199845,0.037945775242849616
0.001,64,"(<class 'keras.src.optimizers.adam.Adam'>, {'beta_1': 0.85, 'beta_2': 0.95, 'epsilon': 1e-08, 'amsgrad': False, 'learning_rate': 0.001})",<class 'keras.src.optimizers.adam.Adam'>,"{'beta_1': 0.85, 'beta_2': 0.95, 'epsilon': 1e-08, 'amsgrad': False, 'learning_rate': 0.001}","(<class 'keras.src.losses.MeanSquaredError'>, {'reduction': 'auto'})",<class 'keras.src.losses.MeanSquaredError'>,{'reduction': 'auto'},"[(<class 'keras.src.metrics.regression_metrics.MeanSquaredError'>, {}), (<class 'keras.src.metrics.regression_metrics.MeanAbsoluteError'>, {}), (<class 'keras.src.metrics.regression_metrics.MeanAbsolutePercentageError'>, {}), (<class 'keras.src.metrics.regression_metrics.RootMeanSquaredError'>, {}), (<class 'keras.src.metrics.regression_metrics.CosineSimilarity'>, {}), (<class 'keras.src.metrics.regression_metrics.LogCoshError'>, {}), (<class 'tensorflow_addons.metrics.r_square.RSquare'>, {})]",200,"[{'nodes': 128, 'activation': 'softplus', 'l2_reg': 0.0001, 'l1_reg': 0.001}]",0.99,True,PCA(n_components=0.99),1,True,"{'enabled': True, 'contamination': 0.05, 'remove_outliers': False}",False,True,"{'method': <function cosine_annealing_50 at 0x000001BAC637EB80>, 'description': 'Cosine Annealing with 50 epochs cycle'}",True,0.9,val_root_mean_squared_error,<keras.src.engine.sequential.Sequential object at 0x000001BBA59773A0>,StandardScaler(),IsolationForest(contamination=0.05),"[3.06665649e+02 3.06585358e+02 1.32224073e+01 2.01819992e+02
 1.75095787e+01 1.07187003e-01 1.25519066e+01 2.36089230e-02]",[0. 0. 0. 0. 0. 0. 0. 0.],13.222411710509697,10.277167281372831,0.553593501677556,-0.08245069444637612,-0.581126311962683,16.072351337900827,12.174477361120855,9.49774644532041,10.493052050668863,0.5615838366712586,0.02730375230769304,-0.3755032857625139,-0.7785941277559323,16.53690217326599,12.565267572511726,9.91899651950695,10.756614835141594,0.5637773947303619,0.029361087912466787,0.028332420110079914,0.028295072172856185,0.028313739983378973
0.001,64,"(<class 'keras.src.optimizers.adam.Adam'>, {'beta_1': 0.85, 'beta_2': 0.95, 'epsilon': 1e-08, 'amsgrad': False, 'learning_rate': 0.001})",<class 'keras.src.optimizers.adam.Adam'>,"{'beta_1': 0.85, 'beta_2': 0.95, 'epsilon': 1e-08, 'amsgrad': False, 'learning_rate': 0.001}","(<class 'keras.src.losses.MeanAbsoluteError'>, {'reduction': 'auto'})",<class 'keras.src.losses.MeanAbsoluteError'>,{'reduction': 'auto'},"[(<class 'keras.src.metrics.regression_metrics.MeanSquaredError'>, {}), (<class 'keras.src.metrics.regression_metrics.MeanAbsoluteError'>, {}), (<class 'keras.src.metrics.regression_metrics.MeanAbsolutePercentageError'>, {}), (<class 'keras.src.metrics.regression_metrics.RootMeanSquaredError'>, {}), (<class 'keras.src.metrics.regression_metrics.CosineSimilarity'>, {}), (<class 'keras.src.metrics.regression_metrics.LogCoshError'>, {}), (<class 'tensorflow_addons.metrics.r_square.RSquare'>, {})]",200,"[{'nodes': 128, 'activation': 'softplus', 'l2_reg': 0.0001, 'l1_reg': 0.001}]",0.99,True,PCA(n_components=0.99),1,True,"{'enabled': True, 'contamination': 0.05, 'remove_outliers': False}",False,True,"{'method': <function cosine_annealing_50 at 0x000001BAC637EB80>, 'description': 'Cosine Annealing with 50 epochs cycle'}",True,0.9,val_root_mean_squared_error,<keras.src.engine.sequential.Sequential object at 0x000001BBA8E85CD0>,StandardScaler(),IsolationForest(contamination=0.05),"[1.32560139e+01 3.07430878e+02 1.31994457e+01 1.49041977e+02
 1.75337067e+01 1.22020133e-01 1.25299368e+01 2.09161043e-02]",[0. 0. 0. 0. 0. 0. 0. 0.],13.199448407217094,10.048003425979653,0.5610100653363942,0.35917554784354777,-0.15477362405261985,16.112407081488865,12.133946349853922,9.348266658222215,10.606640318216987,0.5680477552894635,0.04261248147343076,-0.008014144818342318,-0.3887161770989084,16.605652407281223,12.538134258487023,9.777492608186838,10.88685388933055,0.5725190839694656,0.043208174386362506,0.04291032792989663,0.042908260536895726,0.042909294220945166
0.001,64,"(<class 'keras.src.optimizers.adam.Adam'>, {'beta_1': 0.85, 'beta_2': 0.95, 'epsilon': 1e-08, 'amsgrad': False, 'learning_rate': 0.001})",<class 'keras.src.optimizers.adam.Adam'>,"{'beta_1': 0.85, 'beta_2': 0.95, 'epsilon': 1e-08, 'amsgrad': False, 'learning_rate': 0.001}","(<class 'keras.src.losses.MeanAbsolutePercentageError'>, {'reduction': 'auto'})",<class 'keras.src.losses.MeanAbsolutePercentageError'>,{'reduction': 'auto'},"[(<class 'keras.src.metrics.regression_metrics.MeanSquaredError'>, {}), (<class 'keras.src.metrics.regression_metrics.MeanAbsoluteError'>, {}), (<class 'keras.src.metrics.regression_metrics.MeanAbsolutePercentageError'>, {}), (<class 'keras.src.metrics.regression_metrics.RootMeanSquaredError'>, {}), (<class 'keras.src.metrics.regression_metrics.CosineSimilarity'>, {}), (<class 'keras.src.metrics.regression_metrics.LogCoshError'>, {}), (<class 'tensorflow_addons.metrics.r_square.RSquare'>, {})]",200,"[{'nodes': 128, 'activation': 'softplus', 'l2_reg': 0.0001, 'l1_reg': 0.001}]",0.99,True,PCA(n_components=0.99),1,True,"{'enabled': True, 'contamination': 0.05, 'remove_outliers': False}",False,True,"{'method': <function cosine_annealing_50 at 0x000001BAC637EB80>, 'description': 'Cosine Annealing with 50 epochs cycle'}",True,0.9,val_root_mean_squared_error,<keras.src.engine.sequential.Sequential object at 0x000001BBA9DABAC0>,StandardScaler(),IsolationForest(contamination=0.05),"[ 1.11694519e+02  3.13678436e+02  1.34106741e+01  1.11621239e+02
  1.77109699e+01 -1.60692204e-02  1.27399702e+01  1.01935863e-03]",[0. 0. 0. 0. 0. 0. 0. 0.],13.410670444621767,10.460449383440054,0.4919653893695921,-0.15675903381743825,-0.5663708736773881,16.32870935091607,12.406787078911425,9.736463374277994,10.616850779038478,0.5019956907209212,0.002855946462962423,-0.44373398413723875,-0.8527351196070931,16.89220942577796,12.826906078033161,10.143596272497938,10.999722000261835,0.5001231223836493,0.00738252793721457,0.0051192372000884966,0.00411860277731314,0.004591743084059606
0.001,64,"(<class 'keras.src.optimizers.adam.Adam'>, {'beta_1': 0.85, 'beta_2': 0.95, 'epsilon': 1e-08, 'amsgrad': False, 'learning_rate': 0.001})",<class 'keras.src.optimizers.adam.Adam'>,"{'beta_1': 0.85, 'beta_2': 0.95, 'epsilon': 1e-08, 'amsgrad': False, 'learning_rate': 0.001}","(<class 'keras.src.losses.MeanSquaredLogarithmicError'>, {'reduction': 'auto'})",<class 'keras.src.losses.MeanSquaredLogarithmicError'>,{'reduction': 'auto'},"[(<class 'keras.src.metrics.regression_metrics.MeanSquaredError'>, {}), (<class 'keras.src.metrics.regression_metrics.MeanAbsoluteError'>, {}), (<class 'keras.src.metrics.regression_metrics.MeanAbsolutePercentageError'>, {}), (<class 'keras.src.metrics.regression_metrics.RootMeanSquaredError'>, {}), (<class 'keras.src.metrics.regression_metrics.CosineSimilarity'>, {}), (<class 'keras.src.metrics.regression_metrics.LogCoshError'>, {}), (<class 'tensorflow_addons.metrics.r_square.RSquare'>, {})]",200,"[{'nodes': 128, 'activation': 'softplus', 'l2_reg': 0.0001, 'l1_reg': 0.001}]",0.99,True,PCA(n_components=0.99),1,True,"{'enabled': True, 'contamination': 0.05, 'remove_outliers': False}",False,True,"{'method': <function cosine_annealing_50 at 0x000001BAC637EB80>, 'description': 'Cosine Annealing with 50 epochs cycle'}",True,0.9,val_root_mean_squared_error,<keras.src.engine.sequential.Sequential object at 0x000001BBAB129EB0>,StandardScaler(),IsolationForest(contamination=0.05),"[ 1.71479905e+00  3.15224762e+02  1.33554754e+01  2.81467834e+02
  1.77545700e+01  4.75013256e-02  1.26861429e+01 -3.90517712e-03]",[0. 0. 0. 0. 0. 0. 0. 0.],13.355476302206867,10.322492228729704,0.5237506621931838,2.9184699103353635,2.3536157762706784,16.19059307125805,12.424603317531632,9.657954479432764,10.783174440404407,0.5086362191374377,0.010896307180746257,2.6892849704684703,2.171607470830955,16.74791352616388,12.821328002707698,9.950355361105451,11.104911426803499,0.5150209308052204,0.026292419440445965,0.01859436331059611,0.01540737232905768,0.01692602371344563
0.001,64,"(<class 'keras.src.optimizers.adam.Adam'>, {'beta_1': 0.85, 'beta_2': 0.95, 'epsilon': 1e-08, 'amsgrad': False, 'learning_rate': 0.001})",<class 'keras.src.optimizers.adam.Adam'>,"{'beta_1': 0.85, 'beta_2': 0.95, 'epsilon': 1e-08, 'amsgrad': False, 'learning_rate': 0.001}","(<class 'keras.src.losses.Huber'>, {'reduction': 'auto'})",<class 'keras.src.losses.Huber'>,{'reduction': 'auto'},"[(<class 'keras.src.metrics.regression_metrics.MeanSquaredError'>, {}), (<class 'keras.src.metrics.regression_metrics.MeanAbsoluteError'>, {}), (<class 'keras.src.metrics.regression_metrics.MeanAbsolutePercentageError'>, {}), (<class 'keras.src.metrics.regression_metrics.RootMeanSquaredError'>, {}), (<class 'keras.src.metrics.regression_metrics.CosineSimilarity'>, {}), (<class 'keras.src.metrics.regression_metrics.LogCoshError'>, {}), (<class 'tensorflow_addons.metrics.r_square.RSquare'>, {})]",200,"[{'nodes': 128, 'activation': 'softplus', 'l2_reg': 0.0001, 'l1_reg': 0.001}]",0.99,True,PCA(n_components=0.99),1,True,"{'enabled': True, 'contamination': 0.05, 'remove_outliers': False}",False,True,"{'method': <function cosine_annealing_50 at 0x000001BAC637EB80>, 'description': 'Cosine Annealing with 50 epochs cycle'}",True,0.9,val_root_mean_squared_error,<keras.src.engine.sequential.Sequential object at 0x000001BBAD217580>,StandardScaler(),IsolationForest(contamination=0.05),"[1.27551222e+01 3.07335205e+02 1.31938324e+01 1.70119904e+02
 1.75309792e+01 1.23785980e-01 1.25244074e+01 2.12208629e-02]",[0. 0. 0. 0. 0. 0. 0. 0.],13.193831132337378,10.056538799737202,0.5618929895814939,0.3968721136310694,-0.09154430836019034,16.12423448980322,12.134282826404013,9.300244202981705,10.625555523888533,0.5687541944827099,0.047530623085900364,-0.01274421696180505,-0.45707967916302555,16.60952933616486,12.536673949292782,9.766948692102408,10.894451807578083,0.5732578182713617,0.044239965779494475,0.04588529443269742,0.04582629717855489,0.04585578631752248
0.001,64,"(<class 'keras.src.optimizers.adam.Adam'>, {'beta_1': 0.85, 'beta_2': 0.95, 'epsilon': 1e-08, 'amsgrad': False, 'learning_rate': 0.001})",<class 'keras.src.optimizers.adam.Adam'>,"{'beta_1': 0.85, 'beta_2': 0.95, 'epsilon': 1e-08, 'amsgrad': False, 'learning_rate': 0.001}","(<class 'keras.src.losses.LogCosh'>, {'reduction': 'auto'})",<class 'keras.src.losses.LogCosh'>,{'reduction': 'auto'},"[(<class 'keras.src.metrics.regression_metrics.MeanSquaredError'>, {}), (<class 'keras.src.metrics.regression_metrics.MeanAbsoluteError'>, {}), (<class 'keras.src.metrics.regression_metrics.MeanAbsolutePercentageError'>, {}), (<class 'keras.src.metrics.regression_metrics.RootMeanSquaredError'>, {}), (<class 'keras.src.metrics.regression_metrics.CosineSimilarity'>, {}), (<class 'keras.src.metrics.regression_metrics.LogCoshError'>, {}), (<class 'tensorflow_addons.metrics.r_square.RSquare'>, {})]",200,"[{'nodes': 128, 'activation': 'softplus', 'l2_reg': 0.0001, 'l1_reg': 0.001}]",0.99,True,PCA(n_components=0.99),1,True,"{'enabled': True, 'contamination': 0.05, 'remove_outliers': False}",False,True,"{'method': <function cosine_annealing_50 at 0x000001BAC637EB80>, 'description': 'Cosine Annealing with 50 epochs cycle'}",True,0.9,val_root_mean_squared_error,<keras.src.engine.sequential.Sequential object at 0x000001BBAE6B7820>,StandardScaler(),IsolationForest(contamination=0.05),"[1.25895395e+01 3.07424896e+02 1.32004004e+01 1.42364838e+02
 1.75335369e+01 1.30143031e-01 1.25308371e+01 2.09352374e-02]",[0. 0. 0. 0. 0. 0. 0. 0.],13.20040095137248,10.146746358255317,0.565071516863853,0.3574217339762651,-0.1767046108467234,16.10921204482408,12.134005448671225,9.33599114312187,10.601659233580584,0.5694606336759563,0.04386965837800892,0.00270794998065573,-0.4188731256843008,16.600110062364827,12.539469873632253,9.767945739725047,10.876855922831059,0.5743659197242058,0.0441423981255656,0.04400602825178726,0.044005605656447185,0.044005816953609944
0.001,64,"(<class 'keras.src.optimizers.adam.Adam'>, {'beta_1': 0.85, 'beta_2': 0.95, 'epsilon': 1e-08, 'amsgrad': False, 'learning_rate': 0.001})",<class 'keras.src.optimizers.adam.Adam'>,"{'beta_1': 0.85, 'beta_2': 0.95, 'epsilon': 1e-08, 'amsgrad': False, 'learning_rate': 0.001}","(<class '__main__.CustomLossWrapper'>, {'loss_function': <function custom_median_loss at 0x000001BAFB5574C0>, 'lambda_sign': 1.0})",<class '__main__.CustomLossWrapper'>,"{'loss_function': <function custom_median_loss at 0x000001BAFB5574C0>, 'lambda_sign': 1.0}","[(<class 'keras.src.metrics.regression_metrics.MeanSquaredError'>, {}), (<class 'keras.src.metrics.regression_metrics.MeanAbsoluteError'>, {}), (<class 'keras.src.metrics.regression_metrics.MeanAbsolutePercentageError'>, {}), (<class 'keras.src.metrics.regression_metrics.RootMeanSquaredError'>, {}), (<class 'keras.src.metrics.regression_metrics.CosineSimilarity'>, {}), (<class 'keras.src.metrics.regression_metrics.LogCoshError'>, {}), (<class 'tensorflow_addons.metrics.r_square.RSquare'>, {})]",200,"[{'nodes': 128, 'activation': 'softplus', 'l2_reg': 0.0001, 'l1_reg': 0.001}]",0.99,True,PCA(n_components=0.99),1,True,"{'enabled': True, 'contamination': 0.05, 'remove_outliers': False}",False,True,"{'method': <function cosine_annealing_50 at 0x000001BAC637EB80>, 'description': 'Cosine Annealing with 50 epochs cycle'}",True,0.9,val_root_mean_squared_error,<keras.src.engine.sequential.Sequential object at 0x000001BBAF6BAA60>,StandardScaler(),IsolationForest(contamination=0.05),"[1.09199266e+01 3.09742218e+02 1.32574377e+01 1.65130371e+02
 1.75994949e+01 1.12131380e-01 1.25878029e+01 1.35551095e-02]",[0. 0. 0. 0. 0. 0. 0. 0.],13.257435071430676,10.190136610128738,0.5560656895638354,0.49786990883566734,0.037105088045126244,16.198738347540303,12.222079337686765,9.415130564642368,10.642485957892054,0.5630320370174138,0.035764723296755396,0.09949833877579128,-0.2689638551030641,16.714773585387125,12.62671697487887,9.829420741138057,10.951709605194456,0.5715341049002709,0.038126665750344485,0.03694569452354994,0.036907944711115706,0.03692681479343908
0.001,64,"(<class 'keras.src.optimizers.adam.Adam'>, {'beta_1': 0.85, 'beta_2': 0.95, 'epsilon': 1e-08, 'amsgrad': False, 'learning_rate': 0.001})",<class 'keras.src.optimizers.adam.Adam'>,"{'beta_1': 0.85, 'beta_2': 0.95, 'epsilon': 1e-08, 'amsgrad': False, 'learning_rate': 0.001}","(<class '__main__.CustomLossWrapper'>, {'loss_function': <function custom_median_loss at 0x000001BAFB5574C0>, 'lambda_sign': 1.5})",<class '__main__.CustomLossWrapper'>,"{'loss_function': <function custom_median_loss at 0x000001BAFB5574C0>, 'lambda_sign': 1.5}","[(<class 'keras.src.metrics.regression_metrics.MeanSquaredError'>, {}), (<class 'keras.src.metrics.regression_metrics.MeanAbsoluteError'>, {}), (<class 'keras.src.metrics.regression_metrics.MeanAbsolutePercentageError'>, {}), (<class 'keras.src.metrics.regression_metrics.RootMeanSquaredError'>, {}), (<class 'keras.src.metrics.regression_metrics.CosineSimilarity'>, {}), (<class 'keras.src.metrics.regression_metrics.LogCoshError'>, {}), (<class 'tensorflow_addons.metrics.r_square.RSquare'>, {})]",200,"[{'nodes': 128, 'activation': 'softplus', 'l2_reg': 0.0001, 'l1_reg': 0.001}]",0.99,True,PCA(n_components=0.99),1,True,"{'enabled': True, 'contamination': 0.05, 'remove_outliers': False}",False,True,"{'method': <function cosine_annealing_50 at 0x000001BAC637EB80>, 'description': 'Cosine Annealing with 50 epochs cycle'}",True,0.9,val_root_mean_squared_error,<keras.src.engine.sequential.Sequential object at 0x000001BBB1A6D850>,StandardScaler(),IsolationForest(contamination=0.05),"[1.11210632e+01 3.09994385e+02 1.32449856e+01 1.51217377e+02
 1.76066570e+01 1.20607451e-01 1.25755301e+01 1.27520561e-02]",[0. 0. 0. 0. 0. 0. 0. 0.],13.244987170529436,10.177326992640285,0.5603037259403143,0.6147230949637031,0.14023301624772722,16.193494452962433,12.20454679735433,9.358752211981283,10.660719322595192,0.5627494613401152,0.04153862054703736,0.2613833882090554,-0.21071212785230098,16.736652492717248,12.619103720756446,9.820109167494888,10.996475753334838,0.5703028810637774,0.03903786434720392,0.040288242447120634,0.04024943595426349,0.04026883452603541
0.001,64,"(<class 'keras.src.optimizers.adam.Adam'>, {'beta_1': 0.85, 'beta_2': 0.95, 'epsilon': 1e-08, 'amsgrad': False, 'learning_rate': 0.001})",<class 'keras.src.optimizers.adam.Adam'>,"{'beta_1': 0.85, 'beta_2': 0.95, 'epsilon': 1e-08, 'amsgrad': False, 'learning_rate': 0.001}","(<class '__main__.CustomLossWrapper'>, {'loss_function': <function custom_median_loss at 0x000001BAFB5574C0>, 'lambda_sign': 2.0})",<class '__main__.CustomLossWrapper'>,"{'loss_function': <function custom_median_loss at 0x000001BAFB5574C0>, 'lambda_sign': 2.0}","[(<class 'keras.src.metrics.regression_metrics.MeanSquaredError'>, {}), (<class 'keras.src.metrics.regression_metrics.MeanAbsoluteError'>, {}), (<class 'keras.src.metrics.regression_metrics.MeanAbsolutePercentageError'>, {}), (<class 'keras.src.metrics.regression_metrics.RootMeanSquaredError'>, {}), (<class 'keras.src.metrics.regression_metrics.CosineSimilarity'>, {}), (<class 'keras.src.metrics.regression_metrics.LogCoshError'>, {}), (<class 'tensorflow_addons.metrics.r_square.RSquare'>, {})]",200,"[{'nodes': 128, 'activation': 'softplus', 'l2_reg': 0.0001, 'l1_reg': 0.001}]",0.99,True,PCA(n_components=0.99),1,True,"{'enabled': True, 'contamination': 0.05, 'remove_outliers': False}",False,True,"{'method': <function cosine_annealing_50 at 0x000001BAC637EB80>, 'description': 'Cosine Annealing with 50 epochs cycle'}",True,0.9,val_root_mean_squared_error,<keras.src.engine.sequential.Sequential object at 0x000001BBAB0A3130>,StandardScaler(),IsolationForest(contamination=0.05),"[1.13722506e+01 3.12323761e+02 1.32679224e+01 3.16941895e+02
 1.76726837e+01 1.14250399e-01 1.25980158e+01 5.33372164e-03]",[0. 0. 0. 0. 0. 0. 0. 0.],13.267923050369474,10.207290413029302,0.5571251986579552,1.0830938016761358,0.49143371509203543,16.251442747739716,12.225165757755299,9.352902387707008,10.762089387312411,0.560983363356999,0.0421377207813935,0.744515324937393,0.20113985849288618,16.824071182588124,12.661420677802724,9.765846282344777,11.10281173971439,0.5691947796109332,0.04434784380986963,0.04324278229563157,0.043214542647638944,0.04322866016564863
0.001,64,"(<class 'keras.src.optimizers.adam.Adam'>, {'beta_1': 0.85, 'beta_2': 0.95, 'epsilon': 1e-08, 'amsgrad': False, 'learning_rate': 0.001})",<class 'keras.src.optimizers.adam.Adam'>,"{'beta_1': 0.85, 'beta_2': 0.95, 'epsilon': 1e-08, 'amsgrad': False, 'learning_rate': 0.001}","(<class '__main__.CustomLossWrapper'>, {'loss_function': <function custom_median_loss at 0x000001BAFB5574C0>, 'lambda_sign': 2.5})",<class '__main__.CustomLossWrapper'>,"{'loss_function': <function custom_median_loss at 0x000001BAFB5574C0>, 'lambda_sign': 2.5}","[(<class 'keras.src.metrics.regression_metrics.MeanSquaredError'>, {}), (<class 'keras.src.metrics.regression_metrics.MeanAbsoluteError'>, {}), (<class 'keras.src.metrics.regression_metrics.MeanAbsolutePercentageError'>, {}), (<class 'keras.src.metrics.regression_metrics.RootMeanSquaredError'>, {}), (<class 'keras.src.metrics.regression_metrics.CosineSimilarity'>, {}), (<class 'keras.src.metrics.regression_metrics.LogCoshError'>, {}), (<class 'tensorflow_addons.metrics.r_square.RSquare'>, {})]",200,"[{'nodes': 128, 'activation': 'softplus', 'l2_reg': 0.0001, 'l1_reg': 0.001}]",0.99,True,PCA(n_components=0.99),1,True,"{'enabled': True, 'contamination': 0.05, 'remove_outliers': False}",False,True,"{'method': <function cosine_annealing_50 at 0x000001BAC637EB80>, 'description': 'Cosine Annealing with 50 epochs cycle'}",True,0.9,val_root_mean_squared_error,<keras.src.engine.sequential.Sequential object at 0x000001BBA935D970>,StandardScaler(),IsolationForest(contamination=0.05),"[1.15811949e+01 3.10643311e+02 1.32743359e+01 1.30608826e+02
 1.76250763e+01 1.12837717e-01 1.26040592e+01 1.06853843e-02]",[0. 0. 0. 0. 0. 0. 0. 0.],13.27433424904432,10.193101919950397,0.5564188592618753,0.32794936595822305,-0.12369728075498232,16.23818848552093,12.2609941998069,9.492453981465832,10.65124550940492,0.5557910352866378,0.027845771381589297,-0.1143367581882711,-0.5260715408599932,16.771745377057186,12.677626502691291,9.914684399874236,10.980096211617077,0.5560206845604531,0.029783057120829414,0.028814414251209355,0.028781851763536145,0.02879812840500978
0.001,64,"(<class 'keras.src.optimizers.adam.Adam'>, {'beta_1': 0.85, 'beta_2': 0.95, 'epsilon': 1e-08, 'amsgrad': False, 'learning_rate': 0.001})",<class 'keras.src.optimizers.adam.Adam'>,"{'beta_1': 0.85, 'beta_2': 0.95, 'epsilon': 1e-08, 'amsgrad': False, 'learning_rate': 0.001}","(<class '__main__.CustomLossWrapper'>, {'loss_function': <function custom_median_loss at 0x000001BAFB5574C0>, 'lambda_sign': 3.0})",<class '__main__.CustomLossWrapper'>,"{'loss_function': <function custom_median_loss at 0x000001BAFB5574C0>, 'lambda_sign': 3.0}","[(<class 'keras.src.metrics.regression_metrics.MeanSquaredError'>, {}), (<class 'keras.src.metrics.regression_metrics.MeanAbsoluteError'>, {}), (<class 'keras.src.metrics.regression_metrics.MeanAbsolutePercentageError'>, {}), (<class 'keras.src.metrics.regression_metrics.RootMeanSquaredError'>, {}), (<class 'keras.src.metrics.regression_metrics.CosineSimilarity'>, {}), (<class 'keras.src.metrics.regression_metrics.LogCoshError'>, {}), (<class 'tensorflow_addons.metrics.r_square.RSquare'>, {})]",200,"[{'nodes': 128, 'activation': 'softplus', 'l2_reg': 0.0001, 'l1_reg': 0.001}]",0.99,True,PCA(n_components=0.99),1,True,"{'enabled': True, 'contamination': 0.05, 'remove_outliers': False}",False,True,"{'method': <function cosine_annealing_50 at 0x000001BAC637EB80>, 'description': 'Cosine Annealing with 50 epochs cycle'}",True,0.9,val_root_mean_squared_error,<keras.src.engine.sequential.Sequential object at 0x000001BBAE3D7D00>,StandardScaler(),IsolationForest(contamination=0.05),"[1.17671318e+01 3.10567291e+02 1.32523670e+01 2.60427856e+02
 1.76229191e+01 1.13544054e-01 1.25823107e+01 1.09275579e-02]",[0. 0. 0. 0. 0. 0. 0. 0.],13.252364057171086,10.233958681036047,0.5567720289599153,0.7080344555525577,0.14404174029454087,16.213732314918087,12.21091410571466,9.375664373104064,10.689937130956151,0.5635265444526862,0.03980658908471068,0.44185726138083053,-0.01135827912913312,16.784253329010067,12.65168347344292,9.768553351628547,11.03728304239751,0.5671016990888944,0.04408293931278896,0.04194476419874982,0.04183576864458165,0.04189023097179614
0.001,64,"(<class 'keras.src.optimizers.adam.Adam'>, {'beta_1': 0.85, 'beta_2': 0.95, 'epsilon': 1e-08, 'amsgrad': False, 'learning_rate': 0.001})",<class 'keras.src.optimizers.adam.Adam'>,"{'beta_1': 0.85, 'beta_2': 0.95, 'epsilon': 1e-08, 'amsgrad': False, 'learning_rate': 0.001}","(<class '__main__.CustomLossWrapper'>, {'loss_function': <function custom_median_loss_scaled at 0x000001BAFB5578B0>, 'lambda_sign': 1.0})",<class '__main__.CustomLossWrapper'>,"{'loss_function': <function custom_median_loss_scaled at 0x000001BAFB5578B0>, 'lambda_sign': 1.0}","[(<class 'keras.src.metrics.regression_metrics.MeanSquaredError'>, {}), (<class 'keras.src.metrics.regression_metrics.MeanAbsoluteError'>, {}), (<class 'keras.src.metrics.regression_metrics.MeanAbsolutePercentageError'>, {}), (<class 'keras.src.metrics.regression_metrics.RootMeanSquaredError'>, {}), (<class 'keras.src.metrics.regression_metrics.CosineSimilarity'>, {}), (<class 'keras.src.metrics.regression_metrics.LogCoshError'>, {}), (<class 'tensorflow_addons.metrics.r_square.RSquare'>, {})]",200,"[{'nodes': 128, 'activation': 'softplus', 'l2_reg': 0.0001, 'l1_reg': 0.001}]",0.99,True,PCA(n_components=0.99),1,True,"{'enabled': True, 'contamination': 0.05, 'remove_outliers': False}",False,True,"{'method': <function cosine_annealing_50 at 0x000001BAC637EB80>, 'description': 'Cosine Annealing with 50 epochs cycle'}",True,0.9,val_root_mean_squared_error,<keras.src.engine.sequential.Sequential object at 0x000001BBA08537F0>,StandardScaler(),IsolationForest(contamination=0.05),"[1.05619936e+01 3.11737976e+02 1.32723665e+01 2.25343430e+02
 1.76561031e+01 1.02595799e-01 1.26024637e+01 7.19922781e-03]",[0. 0. 0. 0. 0. 0. 0. 0.],13.2723675662084,10.213725556441485,0.5512978986402967,0.6796153925422156,0.17531523322330833,16.241612101497697,12.221420693414629,9.367802536503797,10.718370086084088,0.5601356363251033,0.04061174628753505,0.2968754607891262,-0.12975485657543612,16.819221803650635,12.661890008915579,9.800045412696397,11.073895770569273,0.5667323319379464,0.041001234441315634,0.04080649036442534,0.040805560971695284,0.040806025665414344
0.001,64,"(<class 'keras.src.optimizers.adam.Adam'>, {'beta_1': 0.85, 'beta_2': 0.95, 'epsilon': 1e-08, 'amsgrad': False, 'learning_rate': 0.001})",<class 'keras.src.optimizers.adam.Adam'>,"{'beta_1': 0.85, 'beta_2': 0.95, 'epsilon': 1e-08, 'amsgrad': False, 'learning_rate': 0.001}","(<class '__main__.CustomLossWrapper'>, {'loss_function': <function custom_median_loss_scaled at 0x000001BAFB5578B0>, 'lambda_sign': 1.5})",<class '__main__.CustomLossWrapper'>,"{'loss_function': <function custom_median_loss_scaled at 0x000001BAFB5578B0>, 'lambda_sign': 1.5}","[(<class 'keras.src.metrics.regression_metrics.MeanSquaredError'>, {}), (<class 'keras.src.metrics.regression_metrics.MeanAbsoluteError'>, {}), (<class 'keras.src.metrics.regression_metrics.MeanAbsolutePercentageError'>, {}), (<class 'keras.src.metrics.regression_metrics.RootMeanSquaredError'>, {}), (<class 'keras.src.metrics.regression_metrics.CosineSimilarity'>, {}), (<class 'keras.src.metrics.regression_metrics.LogCoshError'>, {}), (<class 'tensorflow_addons.metrics.r_square.RSquare'>, {})]",200,"[{'nodes': 128, 'activation': 'softplus', 'l2_reg': 0.0001, 'l1_reg': 0.001}]",0.99,True,PCA(n_components=0.99),1,True,"{'enabled': True, 'contamination': 0.05, 'remove_outliers': False}",False,True,"{'method': <function cosine_annealing_50 at 0x000001BAC637EB80>, 'description': 'Cosine Annealing with 50 epochs cycle'}",True,0.9,val_root_mean_squared_error,<keras.src.engine.sequential.Sequential object at 0x000001BB7D2BBAF0>,StandardScaler(),IsolationForest(contamination=0.05),"[1.06195221e+01 3.10945129e+02 1.32806940e+01 2.25622223e+02
 1.76336365e+01 9.90640968e-02 1.26112375e+01 9.72425938e-03]",[0. 0. 0. 0. 0. 0. 0. 0.],13.280691624920898,10.27544401956554,0.5495320501500971,0.1322530578775032,-0.4266046640923961,16.217482525278527,12.234931898539843,9.496246090371503,10.645439621187517,0.5601003143654409,0.02745740871844365,-0.1527888500002515,-0.6163280090608695,16.83019633240606,12.70395852984753,9.968236738999543,11.0394030784702,0.5579906426988427,0.02454260925031089,0.026000008984377272,0.02591831616703505,0.02595913044003674
0.001,64,"(<class 'keras.src.optimizers.adam.Adam'>, {'beta_1': 0.85, 'beta_2': 0.95, 'epsilon': 1e-08, 'amsgrad': False, 'learning_rate': 0.001})",<class 'keras.src.optimizers.adam.Adam'>,"{'beta_1': 0.85, 'beta_2': 0.95, 'epsilon': 1e-08, 'amsgrad': False, 'learning_rate': 0.001}","(<class '__main__.CustomLossWrapper'>, {'loss_function': <function custom_median_loss_scaled at 0x000001BAFB5578B0>, 'lambda_sign': 2.0})",<class '__main__.CustomLossWrapper'>,"{'loss_function': <function custom_median_loss_scaled at 0x000001BAFB5578B0>, 'lambda_sign': 2.0}","[(<class 'keras.src.metrics.regression_metrics.MeanSquaredError'>, {}), (<class 'keras.src.metrics.regression_metrics.MeanAbsoluteError'>, {}), (<class 'keras.src.metrics.regression_metrics.MeanAbsolutePercentageError'>, {}), (<class 'keras.src.metrics.regression_metrics.RootMeanSquaredError'>, {}), (<class 'keras.src.metrics.regression_metrics.CosineSimilarity'>, {}), (<class 'keras.src.metrics.regression_metrics.LogCoshError'>, {}), (<class 'tensorflow_addons.metrics.r_square.RSquare'>, {})]",200,"[{'nodes': 128, 'activation': 'softplus', 'l2_reg': 0.0001, 'l1_reg': 0.001}]",0.99,True,PCA(n_components=0.99),1,True,"{'enabled': True, 'contamination': 0.05, 'remove_outliers': False}",False,True,"{'method': <function cosine_annealing_50 at 0x000001BAC637EB80>, 'description': 'Cosine Annealing with 50 epochs cycle'}",True,0.9,val_root_mean_squared_error,<keras.src.engine.sequential.Sequential object at 0x000001BB80142C70>,StandardScaler(),IsolationForest(contamination=0.05),"[1.05920172e+01 3.10313538e+02 1.32518129e+01 2.26654602e+02
 1.76157188e+01 1.16016246e-01 1.25827179e+01 1.17356777e-02]",[0. 0. 0. 0. 0. 0. 0. 0.],13.251814415952134,10.228699005903156,0.5580081229030549,0.48173028343603636,-0.04846000794611549,16.223256679395984,12.212866361302822,9.412591966393988,10.689562955910937,0.5633852566140369,0.03602470970561707,0.13923246492378202,-0.27265968193950113,16.764445272038646,12.635418577290404,9.77041899526879,11.017828794503512,0.5689485348436346,0.04390037383756713,0.0399625417715921,0.039574515367554804,0.03976805531411389
0.001,64,"(<class 'keras.src.optimizers.adam.Adam'>, {'beta_1': 0.85, 'beta_2': 0.95, 'epsilon': 1e-08, 'amsgrad': False, 'learning_rate': 0.001})",<class 'keras.src.optimizers.adam.Adam'>,"{'beta_1': 0.85, 'beta_2': 0.95, 'epsilon': 1e-08, 'amsgrad': False, 'learning_rate': 0.001}","(<class '__main__.CustomLossWrapper'>, {'loss_function': <function custom_median_loss_scaled at 0x000001BAFB5578B0>, 'lambda_sign': 2.5})",<class '__main__.CustomLossWrapper'>,"{'loss_function': <function custom_median_loss_scaled at 0x000001BAFB5578B0>, 'lambda_sign': 2.5}","[(<class 'keras.src.metrics.regression_metrics.MeanSquaredError'>, {}), (<class 'keras.src.metrics.regression_metrics.MeanAbsoluteError'>, {}), (<class 'keras.src.metrics.regression_metrics.MeanAbsolutePercentageError'>, {}), (<class 'keras.src.metrics.regression_metrics.RootMeanSquaredError'>, {}), (<class 'keras.src.metrics.regression_metrics.CosineSimilarity'>, {}), (<class 'keras.src.metrics.regression_metrics.LogCoshError'>, {}), (<class 'tensorflow_addons.metrics.r_square.RSquare'>, {})]",200,"[{'nodes': 128, 'activation': 'softplus', 'l2_reg': 0.0001, 'l1_reg': 0.001}]",0.99,True,PCA(n_components=0.99),1,True,"{'enabled': True, 'contamination': 0.05, 'remove_outliers': False}",False,True,"{'method': <function cosine_annealing_50 at 0x000001BAC637EB80>, 'description': 'Cosine Annealing with 50 epochs cycle'}",True,0.9,val_root_mean_squared_error,<keras.src.engine.sequential.Sequential object at 0x000001BB846A6280>,StandardScaler(),IsolationForest(contamination=0.05),"[1.06230650e+01 3.10951965e+02 1.32545538e+01 2.39151794e+02
 1.76338310e+01 1.29083529e-01 1.25850134e+01 9.70244408e-03]",[0. 0. 0. 0. 0. 0. 0. 0.],13.2545542995472,10.144408914957218,0.5645417623167932,0.7237498375197015,0.2171139403956195,16.211187504261833,12.20809856338781,9.339471007783667,10.690346000317337,0.5653279643954646,0.0435132737010233,0.4369922499895253,-0.04021644021567472,16.79490557257681,12.650904493109296,9.739978086194697,11.054173277251087,0.5667323319379464,0.04687921658728732,0.04519624514415531,0.04513357637887705,0.045164899891975675
0.001,64,"(<class 'keras.src.optimizers.adam.Adam'>, {'beta_1': 0.85, 'beta_2': 0.95, 'epsilon': 1e-08, 'amsgrad': False, 'learning_rate': 0.001})",<class 'keras.src.optimizers.adam.Adam'>,"{'beta_1': 0.85, 'beta_2': 0.95, 'epsilon': 1e-08, 'amsgrad': False, 'learning_rate': 0.001}","(<class '__main__.CustomLossWrapper'>, {'loss_function': <function custom_median_loss_scaled at 0x000001BAFB5578B0>, 'lambda_sign': 3.0})",<class '__main__.CustomLossWrapper'>,"{'loss_function': <function custom_median_loss_scaled at 0x000001BAFB5578B0>, 'lambda_sign': 3.0}","[(<class 'keras.src.metrics.regression_metrics.MeanSquaredError'>, {}), (<class 'keras.src.metrics.regression_metrics.MeanAbsoluteError'>, {}), (<class 'keras.src.metrics.regression_metrics.MeanAbsolutePercentageError'>, {}), (<class 'keras.src.metrics.regression_metrics.RootMeanSquaredError'>, {}), (<class 'keras.src.metrics.regression_metrics.CosineSimilarity'>, {}), (<class 'keras.src.metrics.regression_metrics.LogCoshError'>, {}), (<class 'tensorflow_addons.metrics.r_square.RSquare'>, {})]",200,"[{'nodes': 128, 'activation': 'softplus', 'l2_reg': 0.0001, 'l1_reg': 0.001}]",0.99,True,PCA(n_components=0.99),1,True,"{'enabled': True, 'contamination': 0.05, 'remove_outliers': False}",False,True,"{'method': <function cosine_annealing_50 at 0x000001BAC637EB80>, 'description': 'Cosine Annealing with 50 epochs cycle'}",True,0.9,val_root_mean_squared_error,<keras.src.engine.sequential.Sequential object at 0x000001BB86916280>,StandardScaler(),IsolationForest(contamination=0.05),"[1.07326946e+01 3.12202393e+02 1.32926149e+01 2.49525604e+02
 1.76692505e+01 9.90640968e-02 1.26230516e+01 5.72019815e-03]",[0. 0. 0. 0. 0. 0. 0. 0.],13.29261785295143,10.260406008128575,0.5495320501500971,0.9324473324524931,0.4503104292522211,16.250232637340016,12.25202237806244,9.42339391856379,10.715511873719445,0.5585108261806365,0.0349184453508243,0.5162966195199938,0.013692291809227729,16.86488722488678,12.706596264226114,9.920039767636286,11.100159729401241,0.5615611918246737,0.029258999235723598,0.03208872229327395,0.03183918501007366,0.03196371013872489
0.001,64,"(<class 'keras.src.optimizers.adam.Adam'>, {'beta_1': 0.99, 'beta_2': 0.9995, 'epsilon': 1e-06, 'amsgrad': False, 'learning_rate': 0.001})",<class 'keras.src.optimizers.adam.Adam'>,"{'beta_1': 0.99, 'beta_2': 0.9995, 'epsilon': 1e-06, 'amsgrad': False, 'learning_rate': 0.001}","(<class 'keras.src.losses.MeanSquaredError'>, {'reduction': 'auto'})",<class 'keras.src.losses.MeanSquaredError'>,{'reduction': 'auto'},"[(<class 'keras.src.metrics.regression_metrics.MeanSquaredError'>, {}), (<class 'keras.src.metrics.regression_metrics.MeanAbsoluteError'>, {}), (<class 'keras.src.metrics.regression_metrics.MeanAbsolutePercentageError'>, {}), (<class 'keras.src.metrics.regression_metrics.RootMeanSquaredError'>, {}), (<class 'keras.src.metrics.regression_metrics.CosineSimilarity'>, {}), (<class 'keras.src.metrics.regression_metrics.LogCoshError'>, {}), (<class 'tensorflow_addons.metrics.r_square.RSquare'>, {})]",200,"[{'nodes': 128, 'activation': 'softplus', 'l2_reg': 0.0001, 'l1_reg': 0.001}]",0.99,True,PCA(n_components=0.99),1,True,"{'enabled': True, 'contamination': 0.05, 'remove_outliers': False}",False,True,"{'method': <function cosine_annealing_50 at 0x000001BAC637EB80>, 'description': 'Cosine Annealing with 50 epochs cycle'}",True,0.9,val_root_mean_squared_error,<keras.src.engine.sequential.Sequential object at 0x000001BB8AA4F0A0>,StandardScaler(),IsolationForest(contamination=0.05),"[3.06515045e+02 3.06434631e+02 1.32210522e+01 2.10028778e+02
 1.75052738e+01 1.06127493e-01 1.25505667e+01 2.40889192e-02]",[0. 0. 0. 0. 0. 0. 0. 0.],13.221052551344435,10.2290727605648,0.5530637471304962,0.04573179391780006,-0.4801906001398233,16.072853007968856,12.176167121586785,9.492316629426131,10.491635360076023,0.5607714315990251,0.02785983806723933,-0.23475918829449285,-0.6466882109935992,16.534882949594333,12.564257627965407,9.906237056776131,10.750696001411985,0.5640236394976607,0.030609685086536397,0.029234761576887862,0.029170098328227107,0.029202412054487807
0.001,64,"(<class 'keras.src.optimizers.adam.Adam'>, {'beta_1': 0.99, 'beta_2': 0.9995, 'epsilon': 1e-06, 'amsgrad': False, 'learning_rate': 0.001})",<class 'keras.src.optimizers.adam.Adam'>,"{'beta_1': 0.99, 'beta_2': 0.9995, 'epsilon': 1e-06, 'amsgrad': False, 'learning_rate': 0.001}","(<class 'keras.src.losses.MeanAbsoluteError'>, {'reduction': 'auto'})",<class 'keras.src.losses.MeanAbsoluteError'>,{'reduction': 'auto'},"[(<class 'keras.src.metrics.regression_metrics.MeanSquaredError'>, {}), (<class 'keras.src.metrics.regression_metrics.MeanAbsoluteError'>, {}), (<class 'keras.src.metrics.regression_metrics.MeanAbsolutePercentageError'>, {}), (<class 'keras.src.metrics.regression_metrics.RootMeanSquaredError'>, {}), (<class 'keras.src.metrics.regression_metrics.CosineSimilarity'>, {}), (<class 'keras.src.metrics.regression_metrics.LogCoshError'>, {}), (<class 'tensorflow_addons.metrics.r_square.RSquare'>, {})]",200,"[{'nodes': 128, 'activation': 'softplus', 'l2_reg': 0.0001, 'l1_reg': 0.001}]",0.99,True,PCA(n_components=0.99),1,True,"{'enabled': True, 'contamination': 0.05, 'remove_outliers': False}",False,True,"{'method': <function cosine_annealing_50 at 0x000001BAC637EB80>, 'description': 'Cosine Annealing with 50 epochs cycle'}",True,0.9,val_root_mean_squared_error,<keras.src.engine.sequential.Sequential object at 0x000001BB8E2DA190>,StandardScaler(),IsolationForest(contamination=0.05),"[1.32574320e+01 3.07399506e+02 1.31967325e+01 1.69357742e+02
 1.75328121e+01 1.22373298e-01 1.25272646e+01 2.10160613e-02]",[0. 0. 0. 0. 0. 0. 0. 0.],13.196730649189355,10.070371625618776,0.5611866501854141,0.40026457862814635,-0.09377017143350619,16.121678704702394,12.133527498044346,9.309201610299064,10.622666884235118,0.5670587404189185,0.04661326479077135,0.016827499091414472,-0.3763338981704023,16.61327914408533,12.536982715653094,9.741935235765016,10.89981822084766,0.5732578182713617,0.046687696656214486,0.04665048072349292,0.046650451034074364,0.04665046587878128
0.001,64,"(<class 'keras.src.optimizers.adam.Adam'>, {'beta_1': 0.99, 'beta_2': 0.9995, 'epsilon': 1e-06, 'amsgrad': False, 'learning_rate': 0.001})",<class 'keras.src.optimizers.adam.Adam'>,"{'beta_1': 0.99, 'beta_2': 0.9995, 'epsilon': 1e-06, 'amsgrad': False, 'learning_rate': 0.001}","(<class 'keras.src.losses.MeanAbsolutePercentageError'>, {'reduction': 'auto'})",<class 'keras.src.losses.MeanAbsolutePercentageError'>,{'reduction': 'auto'},"[(<class 'keras.src.metrics.regression_metrics.MeanSquaredError'>, {}), (<class 'keras.src.metrics.regression_metrics.MeanAbsoluteError'>, {}), (<class 'keras.src.metrics.regression_metrics.MeanAbsolutePercentageError'>, {}), (<class 'keras.src.metrics.regression_metrics.RootMeanSquaredError'>, {}), (<class 'keras.src.metrics.regression_metrics.CosineSimilarity'>, {}), (<class 'keras.src.metrics.regression_metrics.LogCoshError'>, {}), (<class 'tensorflow_addons.metrics.r_square.RSquare'>, {})]",200,"[{'nodes': 128, 'activation': 'softplus', 'l2_reg': 0.0001, 'l1_reg': 0.001}]",0.99,True,PCA(n_components=0.99),1,True,"{'enabled': True, 'contamination': 0.05, 'remove_outliers': False}",False,True,"{'method': <function cosine_annealing_50 at 0x000001BAC637EB80>, 'description': 'Cosine Annealing with 50 epochs cycle'}",True,0.9,val_root_mean_squared_error,<keras.src.engine.sequential.Sequential object at 0x000001BB9195AD00>,StandardScaler(),IsolationForest(contamination=0.05),"[1.08072639e+02 3.13966583e+02 1.33901339e+01 1.07996002e+02
 1.77191029e+01 3.65530625e-02 1.27210426e+01 1.01745129e-04]",[0. 0. 0. 0. 0. 0. 0. 0.],13.390133813203146,10.45706311502937,0.5182765318735653,0.35387433787083244,-0.04376397518855202,16.338120504427575,12.407100094224067,9.775172691543284,10.635687228458382,0.5124156688213062,-0.0011084052778897997,0.07560363007542098,-0.3314323198098687,16.905332623934594,12.829150011823703,10.18605512497228,11.008570791095911,0.514528441270623,0.0032276505468322786,0.0010596226344712395,-0.003376244320298066,
0.001,64,"(<class 'keras.src.optimizers.adam.Adam'>, {'beta_1': 0.99, 'beta_2': 0.9995, 'epsilon': 1e-06, 'amsgrad': False, 'learning_rate': 0.001})",<class 'keras.src.optimizers.adam.Adam'>,"{'beta_1': 0.99, 'beta_2': 0.9995, 'epsilon': 1e-06, 'amsgrad': False, 'learning_rate': 0.001}","(<class 'keras.src.losses.MeanSquaredLogarithmicError'>, {'reduction': 'auto'})",<class 'keras.src.losses.MeanSquaredLogarithmicError'>,{'reduction': 'auto'},"[(<class 'keras.src.metrics.regression_metrics.MeanSquaredError'>, {}), (<class 'keras.src.metrics.regression_metrics.MeanAbsoluteError'>, {}), (<class 'keras.src.metrics.regression_metrics.MeanAbsolutePercentageError'>, {}), (<class 'keras.src.metrics.regression_metrics.RootMeanSquaredError'>, {}), (<class 'keras.src.metrics.regression_metrics.CosineSimilarity'>, {}), (<class 'keras.src.metrics.regression_metrics.LogCoshError'>, {}), (<class 'tensorflow_addons.metrics.r_square.RSquare'>, {})]",200,"[{'nodes': 128, 'activation': 'softplus', 'l2_reg': 0.0001, 'l1_reg': 0.001}]",0.99,True,PCA(n_components=0.99),1,True,"{'enabled': True, 'contamination': 0.05, 'remove_outliers': False}",False,True,"{'method': <function cosine_annealing_50 at 0x000001BAC637EB80>, 'description': 'Cosine Annealing with 50 epochs cycle'}",True,0.9,val_root_mean_squared_error,<keras.src.engine.sequential.Sequential object at 0x000001BB93D86C70>,StandardScaler(),IsolationForest(contamination=0.05),"[ 1.73839092e+00  3.15382843e+02  1.33602934e+01  2.75132385e+02
  1.77590218e+01  4.75013256e-02  1.26908245e+01 -4.40871716e-03]",[0. 0. 0. 0. 0. 0. 0. 0.],13.36029061786995,10.30328934707688,0.5237506621931838,2.91509910570531,2.37955674498399,16.199649772753627,12.435094975482418,9.687767865097612,10.783770518363797,0.5086362191374377,0.0078430177995068,2.6802147455389767,2.1528611511142115,16.759412569011666,12.830291850650799,9.933306240264521,11.109711331739076,0.5150209308052204,0.02796078781546703,0.017901902807486915,0.012249924428883986,0.014808678419256082
0.001,64,"(<class 'keras.src.optimizers.adam.Adam'>, {'beta_1': 0.99, 'beta_2': 0.9995, 'epsilon': 1e-06, 'amsgrad': False, 'learning_rate': 0.001})",<class 'keras.src.optimizers.adam.Adam'>,"{'beta_1': 0.99, 'beta_2': 0.9995, 'epsilon': 1e-06, 'amsgrad': False, 'learning_rate': 0.001}","(<class 'keras.src.losses.Huber'>, {'reduction': 'auto'})",<class 'keras.src.losses.Huber'>,{'reduction': 'auto'},"[(<class 'keras.src.metrics.regression_metrics.MeanSquaredError'>, {}), (<class 'keras.src.metrics.regression_metrics.MeanAbsoluteError'>, {}), (<class 'keras.src.metrics.regression_metrics.MeanAbsolutePercentageError'>, {}), (<class 'keras.src.metrics.regression_metrics.RootMeanSquaredError'>, {}), (<class 'keras.src.metrics.regression_metrics.CosineSimilarity'>, {}), (<class 'keras.src.metrics.regression_metrics.LogCoshError'>, {}), (<class 'tensorflow_addons.metrics.r_square.RSquare'>, {})]",200,"[{'nodes': 128, 'activation': 'softplus', 'l2_reg': 0.0001, 'l1_reg': 0.001}]",0.99,True,PCA(n_components=0.99),1,True,"{'enabled': True, 'contamination': 0.05, 'remove_outliers': False}",False,True,"{'method': <function cosine_annealing_50 at 0x000001BAC637EB80>, 'description': 'Cosine Annealing with 50 epochs cycle'}",True,0.9,val_root_mean_squared_error,<keras.src.engine.sequential.Sequential object at 0x000001BB972E99D0>,StandardScaler(),IsolationForest(contamination=0.05),"[1.27589273e+01 3.07277496e+02 1.31923370e+01 1.69395126e+02
 1.75293331e+01 1.22726470e-01 1.25226364e+01 2.14046240e-02]",[0. 0. 0. 0. 0. 0. 0. 0.],13.192335280485946,10.073991850647515,0.5613632350344341,0.4207372703894952,-0.08289899450531824,16.126374252785627,12.134454734382892,9.305068159617175,10.629523967626724,0.5687188725230475,0.047036585416505274,0.02703161929570729,-0.43094725785836163,16.610696823552683,12.536902645063588,9.749691597075696,10.895994576863304,0.572272839202167,0.045928685793618654,0.04648263560506197,0.04647603399158623,0.04647933468111798
0.001,64,"(<class 'keras.src.optimizers.adam.Adam'>, {'beta_1': 0.99, 'beta_2': 0.9995, 'epsilon': 1e-06, 'amsgrad': False, 'learning_rate': 0.001})",<class 'keras.src.optimizers.adam.Adam'>,"{'beta_1': 0.99, 'beta_2': 0.9995, 'epsilon': 1e-06, 'amsgrad': False, 'learning_rate': 0.001}","(<class 'keras.src.losses.LogCosh'>, {'reduction': 'auto'})",<class 'keras.src.losses.LogCosh'>,{'reduction': 'auto'},"[(<class 'keras.src.metrics.regression_metrics.MeanSquaredError'>, {}), (<class 'keras.src.metrics.regression_metrics.MeanAbsoluteError'>, {}), (<class 'keras.src.metrics.regression_metrics.MeanAbsolutePercentageError'>, {}), (<class 'keras.src.metrics.regression_metrics.RootMeanSquaredError'>, {}), (<class 'keras.src.metrics.regression_metrics.CosineSimilarity'>, {}), (<class 'keras.src.metrics.regression_metrics.LogCoshError'>, {}), (<class 'tensorflow_addons.metrics.r_square.RSquare'>, {})]",200,"[{'nodes': 128, 'activation': 'softplus', 'l2_reg': 0.0001, 'l1_reg': 0.001}]",0.99,True,PCA(n_components=0.99),1,True,"{'enabled': True, 'contamination': 0.05, 'remove_outliers': False}",False,True,"{'method': <function cosine_annealing_50 at 0x000001BAC637EB80>, 'description': 'Cosine Annealing with 50 epochs cycle'}",True,0.9,val_root_mean_squared_error,<keras.src.engine.sequential.Sequential object at 0x000001BB9B6C8BB0>,StandardScaler(),IsolationForest(contamination=0.05),"[1.25811081e+01 3.07538300e+02 1.31944942e+01 1.93260925e+02
 1.75367699e+01 1.26258165e-01 1.25248795e+01 2.05740333e-02]",[0. 0. 0. 0. 0. 0. 0. 0.],13.194495971196215,10.061758369298364,0.5631290835246335,0.5138940168069427,-0.006759280297688686,16.132894208425085,12.136808839529108,9.286716236494392,10.640819514409442,0.5686129066440606,0.04891606776131598,0.12559742495762935,-0.33507095354379024,16.615800020218504,12.534670833467294,9.74943235470656,10.90702832776789,0.5748584092588033,0.045954054360958146,0.04743506106113707,0.047388821406398385,0.04741193559672318
0.001,64,"(<class 'keras.src.optimizers.adam.Adam'>, {'beta_1': 0.99, 'beta_2': 0.9995, 'epsilon': 1e-06, 'amsgrad': False, 'learning_rate': 0.001})",<class 'keras.src.optimizers.adam.Adam'>,"{'beta_1': 0.99, 'beta_2': 0.9995, 'epsilon': 1e-06, 'amsgrad': False, 'learning_rate': 0.001}","(<class '__main__.CustomLossWrapper'>, {'loss_function': <function custom_median_loss at 0x000001BAFB5574C0>, 'lambda_sign': 1.0})",<class '__main__.CustomLossWrapper'>,"{'loss_function': <function custom_median_loss at 0x000001BAFB5574C0>, 'lambda_sign': 1.0}","[(<class 'keras.src.metrics.regression_metrics.MeanSquaredError'>, {}), (<class 'keras.src.metrics.regression_metrics.MeanAbsoluteError'>, {}), (<class 'keras.src.metrics.regression_metrics.MeanAbsolutePercentageError'>, {}), (<class 'keras.src.metrics.regression_metrics.RootMeanSquaredError'>, {}), (<class 'keras.src.metrics.regression_metrics.CosineSimilarity'>, {}), (<class 'keras.src.metrics.regression_metrics.LogCoshError'>, {}), (<class 'tensorflow_addons.metrics.r_square.RSquare'>, {})]",200,"[{'nodes': 128, 'activation': 'softplus', 'l2_reg': 0.0001, 'l1_reg': 0.001}]",0.99,True,PCA(n_components=0.99),1,True,"{'enabled': True, 'contamination': 0.05, 'remove_outliers': False}",False,True,"{'method': <function cosine_annealing_50 at 0x000001BAC637EB80>, 'description': 'Cosine Annealing with 50 epochs cycle'}",True,0.9,val_root_mean_squared_error,<keras.src.engine.sequential.Sequential object at 0x000001BB9FAB2F10>,StandardScaler(),IsolationForest(contamination=0.05),"[1.09521008e+01 3.11645111e+02 1.32760839e+01 2.02297363e+02
 1.76534729e+01 1.08246513e-01 1.26048927e+01 7.49498606e-03]",[0. 0. 0. 0. 0. 0. 0. 0.],13.276085927527996,10.197598700121764,0.5541232562246159,1.0086484588073374,0.4638180118176729,16.238438062339817,12.233011937059313,9.404055610046466,10.726248706108121,0.5624668856628166,0.03689894675079421,0.6781635508031322,0.26552386456940125,16.814600491975614,12.673269381550286,9.749766840676005,11.070646683159062,0.5616843142083231,0.04592132271347224,0.04141013473213323,0.04091868941000087,0.04116367866858414
0.001,64,"(<class 'keras.src.optimizers.adam.Adam'>, {'beta_1': 0.99, 'beta_2': 0.9995, 'epsilon': 1e-06, 'amsgrad': False, 'learning_rate': 0.001})",<class 'keras.src.optimizers.adam.Adam'>,"{'beta_1': 0.99, 'beta_2': 0.9995, 'epsilon': 1e-06, 'amsgrad': False, 'learning_rate': 0.001}","(<class '__main__.CustomLossWrapper'>, {'loss_function': <function custom_median_loss at 0x000001BAFB5574C0>, 'lambda_sign': 1.5})",<class '__main__.CustomLossWrapper'>,"{'loss_function': <function custom_median_loss at 0x000001BAFB5574C0>, 'lambda_sign': 1.5}","[(<class 'keras.src.metrics.regression_metrics.MeanSquaredError'>, {}), (<class 'keras.src.metrics.regression_metrics.MeanAbsoluteError'>, {}), (<class 'keras.src.metrics.regression_metrics.MeanAbsolutePercentageError'>, {}), (<class 'keras.src.metrics.regression_metrics.RootMeanSquaredError'>, {}), (<class 'keras.src.metrics.regression_metrics.CosineSimilarity'>, {}), (<class 'keras.src.metrics.regression_metrics.LogCoshError'>, {}), (<class 'tensorflow_addons.metrics.r_square.RSquare'>, {})]",200,"[{'nodes': 128, 'activation': 'softplus', 'l2_reg': 0.0001, 'l1_reg': 0.001}]",0.99,True,PCA(n_components=0.99),1,True,"{'enabled': True, 'contamination': 0.05, 'remove_outliers': False}",False,True,"{'method': <function cosine_annealing_50 at 0x000001BAC637EB80>, 'description': 'Cosine Annealing with 50 epochs cycle'}",True,0.9,val_root_mean_squared_error,<keras.src.engine.sequential.Sequential object at 0x000001BBA25E4370>,StandardScaler(),IsolationForest(contamination=0.05),"[1.11457386e+01 3.10428314e+02 1.32440844e+01 2.28496399e+02
 1.76189766e+01 1.15309909e-01 1.25747337e+01 1.13701224e-02]",[0. 0. 0. 0. 0. 0. 0. 0.],13.244088186115983,10.192098810860113,0.557654953205015,0.8825289251365788,0.32802021400821735,16.19532722287352,12.196708685022951,9.362846398861313,10.6912371245917,0.5648687789198544,0.041119321059681774,0.5496763139839348,0.04093862618583999,16.749421912609535,12.627246485186484,9.783573361432207,11.017183301948654,0.5687022900763359,0.04261313277069601,0.04186622691518889,0.04185290189408965,0.041859563874425354
0.001,64,"(<class 'keras.src.optimizers.adam.Adam'>, {'beta_1': 0.99, 'beta_2': 0.9995, 'epsilon': 1e-06, 'amsgrad': False, 'learning_rate': 0.001})",<class 'keras.src.optimizers.adam.Adam'>,"{'beta_1': 0.99, 'beta_2': 0.9995, 'epsilon': 1e-06, 'amsgrad': False, 'learning_rate': 0.001}","(<class '__main__.CustomLossWrapper'>, {'loss_function': <function custom_median_loss at 0x000001BAFB5574C0>, 'lambda_sign': 2.0})",<class '__main__.CustomLossWrapper'>,"{'loss_function': <function custom_median_loss at 0x000001BAFB5574C0>, 'lambda_sign': 2.0}","[(<class 'keras.src.metrics.regression_metrics.MeanSquaredError'>, {}), (<class 'keras.src.metrics.regression_metrics.MeanAbsoluteError'>, {}), (<class 'keras.src.metrics.regression_metrics.MeanAbsolutePercentageError'>, {}), (<class 'keras.src.metrics.regression_metrics.RootMeanSquaredError'>, {}), (<class 'keras.src.metrics.regression_metrics.CosineSimilarity'>, {}), (<class 'keras.src.metrics.regression_metrics.LogCoshError'>, {}), (<class 'tensorflow_addons.metrics.r_square.RSquare'>, {})]",200,"[{'nodes': 128, 'activation': 'softplus', 'l2_reg': 0.0001, 'l1_reg': 0.001}]",0.99,True,PCA(n_components=0.99),1,True,"{'enabled': True, 'contamination': 0.05, 'remove_outliers': False}",False,True,"{'method': <function cosine_annealing_50 at 0x000001BAC637EB80>, 'description': 'Cosine Annealing with 50 epochs cycle'}",True,0.9,val_root_mean_squared_error,<keras.src.engine.sequential.Sequential object at 0x000001BBA83B62B0>,StandardScaler(),IsolationForest(contamination=0.05),"[1.13465185e+01 3.11216156e+02 1.32781477e+01 1.91114273e+02
 1.76413193e+01 1.18488431e-01 1.26080713e+01 8.86106491e-03]",[0. 0. 0. 0. 0. 0. 0. 0.],13.278150686059213,10.241136974145295,0.5592442168461946,0.33281374307136646,-0.09139755737295419,16.219904033617865,12.2226634500408,9.40393573428167,10.667580648362684,0.5623962417434919,0.03691122363218678,0.04454146982930809,-0.42261948630075935,16.76633172155097,12.639721444752938,9.87203798000817,11.014973109991193,0.5685791676926866,0.03395628921157773,0.035433756421882255,0.03537215106083798,0.03540294034127331
0.001,64,"(<class 'keras.src.optimizers.adam.Adam'>, {'beta_1': 0.99, 'beta_2': 0.9995, 'epsilon': 1e-06, 'amsgrad': False, 'learning_rate': 0.001})",<class 'keras.src.optimizers.adam.Adam'>,"{'beta_1': 0.99, 'beta_2': 0.9995, 'epsilon': 1e-06, 'amsgrad': False, 'learning_rate': 0.001}","(<class '__main__.CustomLossWrapper'>, {'loss_function': <function custom_median_loss at 0x000001BAFB5574C0>, 'lambda_sign': 2.5})",<class '__main__.CustomLossWrapper'>,"{'loss_function': <function custom_median_loss at 0x000001BAFB5574C0>, 'lambda_sign': 2.5}","[(<class 'keras.src.metrics.regression_metrics.MeanSquaredError'>, {}), (<class 'keras.src.metrics.regression_metrics.MeanAbsoluteError'>, {}), (<class 'keras.src.metrics.regression_metrics.MeanAbsolutePercentageError'>, {}), (<class 'keras.src.metrics.regression_metrics.RootMeanSquaredError'>, {}), (<class 'keras.src.metrics.regression_metrics.CosineSimilarity'>, {}), (<class 'keras.src.metrics.regression_metrics.LogCoshError'>, {}), (<class 'tensorflow_addons.metrics.r_square.RSquare'>, {})]",200,"[{'nodes': 128, 'activation': 'softplus', 'l2_reg': 0.0001, 'l1_reg': 0.001}]",0.99,True,PCA(n_components=0.99),1,True,"{'enabled': True, 'contamination': 0.05, 'remove_outliers': False}",False,True,"{'method': <function cosine_annealing_50 at 0x000001BAC637EB80>, 'description': 'Cosine Annealing with 50 epochs cycle'}",True,0.9,val_root_mean_squared_error,<keras.src.engine.sequential.Sequential object at 0x000001BBAACC4100>,StandardScaler(),IsolationForest(contamination=0.05),"[1.15731487e+01 3.11104309e+02 1.32684107e+01 2.36444382e+02
 1.76381493e+01 1.14603564e-01 1.25988350e+01 9.21726227e-03]",[0. 0. 0. 0. 0. 0. 0. 0.],13.268413680645724,10.207603768579673,0.5573017835069751,0.9527694727577813,0.45488094425677383,16.21761150659901,12.240071187835788,9.42851886627499,10.681483507899797,0.559111299494896,0.03439358217017367,0.5505111658893911,0.10365498675039292,16.788002163504924,12.668861601907265,9.80808663979509,11.028159349280076,0.5712878601329722,0.0402143475916657,0.037303964880919686,0.037076902488221,0.037190260395886986
0.001,64,"(<class 'keras.src.optimizers.adam.Adam'>, {'beta_1': 0.99, 'beta_2': 0.9995, 'epsilon': 1e-06, 'amsgrad': False, 'learning_rate': 0.001})",<class 'keras.src.optimizers.adam.Adam'>,"{'beta_1': 0.99, 'beta_2': 0.9995, 'epsilon': 1e-06, 'amsgrad': False, 'learning_rate': 0.001}","(<class '__main__.CustomLossWrapper'>, {'loss_function': <function custom_median_loss at 0x000001BAFB5574C0>, 'lambda_sign': 3.0})",<class '__main__.CustomLossWrapper'>,"{'loss_function': <function custom_median_loss at 0x000001BAFB5574C0>, 'lambda_sign': 3.0}","[(<class 'keras.src.metrics.regression_metrics.MeanSquaredError'>, {}), (<class 'keras.src.metrics.regression_metrics.MeanAbsoluteError'>, {}), (<class 'keras.src.metrics.regression_metrics.MeanAbsolutePercentageError'>, {}), (<class 'keras.src.metrics.regression_metrics.RootMeanSquaredError'>, {}), (<class 'keras.src.metrics.regression_metrics.CosineSimilarity'>, {}), (<class 'keras.src.metrics.regression_metrics.LogCoshError'>, {}), (<class 'tensorflow_addons.metrics.r_square.RSquare'>, {})]",200,"[{'nodes': 128, 'activation': 'softplus', 'l2_reg': 0.0001, 'l1_reg': 0.001}]",0.99,True,PCA(n_components=0.99),1,True,"{'enabled': True, 'contamination': 0.05, 'remove_outliers': False}",False,True,"{'method': <function cosine_annealing_50 at 0x000001BAC637EB80>, 'description': 'Cosine Annealing with 50 epochs cycle'}",True,0.9,val_root_mean_squared_error,<keras.src.engine.sequential.Sequential object at 0x000001BBADFEB610>,StandardScaler(),IsolationForest(contamination=0.05),"[1.18271275e+01 3.11040985e+02 1.32740831e+01 1.51804337e+02
 1.76363544e+01 1.22020133e-01 1.26047173e+01 9.41890478e-03]",[0. 0. 0. 0. 0. 0. 0. 0.],13.27408231647655,10.24046679761858,0.5610100653363942,0.5939269008819611,0.11651365379705347,16.22280786753881,12.247763763229678,9.477726405935188,10.654540852487406,0.5608773974780121,0.029354072065202606,0.21874740325033862,-0.2614389705278415,16.79584744539726,12.677043475922975,9.839477848639294,11.019125524229926,0.5650086185668555,0.037142511772212616,0.03324829191870761,0.03279217981813682,0.0330194483182891
0.001,64,"(<class 'keras.src.optimizers.adam.Adam'>, {'beta_1': 0.99, 'beta_2': 0.9995, 'epsilon': 1e-06, 'amsgrad': False, 'learning_rate': 0.001})",<class 'keras.src.optimizers.adam.Adam'>,"{'beta_1': 0.99, 'beta_2': 0.9995, 'epsilon': 1e-06, 'amsgrad': False, 'learning_rate': 0.001}","(<class '__main__.CustomLossWrapper'>, {'loss_function': <function custom_median_loss_scaled at 0x000001BAFB5578B0>, 'lambda_sign': 1.0})",<class '__main__.CustomLossWrapper'>,"{'loss_function': <function custom_median_loss_scaled at 0x000001BAFB5578B0>, 'lambda_sign': 1.0}","[(<class 'keras.src.metrics.regression_metrics.MeanSquaredError'>, {}), (<class 'keras.src.metrics.regression_metrics.MeanAbsoluteError'>, {}), (<class 'keras.src.metrics.regression_metrics.MeanAbsolutePercentageError'>, {}), (<class 'keras.src.metrics.regression_metrics.RootMeanSquaredError'>, {}), (<class 'keras.src.metrics.regression_metrics.CosineSimilarity'>, {}), (<class 'keras.src.metrics.regression_metrics.LogCoshError'>, {}), (<class 'tensorflow_addons.metrics.r_square.RSquare'>, {})]",200,"[{'nodes': 128, 'activation': 'softplus', 'l2_reg': 0.0001, 'l1_reg': 0.001}]",0.99,True,PCA(n_components=0.99),1,True,"{'enabled': True, 'contamination': 0.05, 'remove_outliers': False}",False,True,"{'method': <function cosine_annealing_50 at 0x000001BAC637EB80>, 'description': 'Cosine Annealing with 50 epochs cycle'}",True,0.9,val_root_mean_squared_error,<keras.src.engine.sequential.Sequential object at 0x000001BB8E1EACA0>,StandardScaler(),IsolationForest(contamination=0.05),"[1.05678263e+01 3.10099731e+02 1.32773876e+01 1.68288116e+02
 1.76096497e+01 1.17075756e-01 1.26081429e+01 1.24166012e-02]",[0. 0. 0. 0. 0. 0. 0. 0.],13.277386740577542,10.260864893983783,0.5585378774501147,0.4726441737238091,0.01580337738054763,16.216795159338442,12.245428384961194,9.482357401940472,10.641993825474863,0.5605948218007135,0.028879796144767038,0.11121779048705022,-0.3217613622629732,16.76731350845755,12.676280249905274,9.927202707037377,10.974848768938882,0.5672248214725437,0.028558058601865027,0.028718927373316033,0.028718026268574486,0.028718476817410996
0.001,64,"(<class 'keras.src.optimizers.adam.Adam'>, {'beta_1': 0.99, 'beta_2': 0.9995, 'epsilon': 1e-06, 'amsgrad': False, 'learning_rate': 0.001})",<class 'keras.src.optimizers.adam.Adam'>,"{'beta_1': 0.99, 'beta_2': 0.9995, 'epsilon': 1e-06, 'amsgrad': False, 'learning_rate': 0.001}","(<class '__main__.CustomLossWrapper'>, {'loss_function': <function custom_median_loss_scaled at 0x000001BAFB5578B0>, 'lambda_sign': 1.5})",<class '__main__.CustomLossWrapper'>,"{'loss_function': <function custom_median_loss_scaled at 0x000001BAFB5578B0>, 'lambda_sign': 1.5}","[(<class 'keras.src.metrics.regression_metrics.MeanSquaredError'>, {}), (<class 'keras.src.metrics.regression_metrics.MeanAbsoluteError'>, {}), (<class 'keras.src.metrics.regression_metrics.MeanAbsolutePercentageError'>, {}), (<class 'keras.src.metrics.regression_metrics.RootMeanSquaredError'>, {}), (<class 'keras.src.metrics.regression_metrics.CosineSimilarity'>, {}), (<class 'keras.src.metrics.regression_metrics.LogCoshError'>, {}), (<class 'tensorflow_addons.metrics.r_square.RSquare'>, {})]",200,"[{'nodes': 128, 'activation': 'softplus', 'l2_reg': 0.0001, 'l1_reg': 0.001}]",0.99,True,PCA(n_components=0.99),1,True,"{'enabled': True, 'contamination': 0.05, 'remove_outliers': False}",False,True,"{'method': <function cosine_annealing_50 at 0x000001BAC637EB80>, 'description': 'Cosine Annealing with 50 epochs cycle'}",True,0.9,val_root_mean_squared_error,<keras.src.engine.sequential.Sequential object at 0x000001BBA1B183D0>,StandardScaler(),IsolationForest(contamination=0.05),"[1.05671711e+01 3.11382996e+02 1.32689705e+01 1.97036118e+02
 1.76460476e+01 1.19194776e-01 1.26006842e+01 8.32974911e-03]",[0. 0. 0. 0. 0. 0. 0. 0.],13.268968479580966,10.258590634191046,0.5595973865442345,0.7230576811821232,0.22433597591375642,16.224999451136767,12.24124832135323,9.481519650844266,10.673330524463319,0.5627494613401152,0.02896559306011652,0.380139148749835,-0.17834729954612616,16.813247585984143,12.691159335590033,9.885290607387981,11.033787176643203,0.5632849051957646,0.03265943263975172,0.03081251284993412,0.030701807412612827,0.030757110322937285
0.001,64,"(<class 'keras.src.optimizers.adam.Adam'>, {'beta_1': 0.99, 'beta_2': 0.9995, 'epsilon': 1e-06, 'amsgrad': False, 'learning_rate': 0.001})",<class 'keras.src.optimizers.adam.Adam'>,"{'beta_1': 0.99, 'beta_2': 0.9995, 'epsilon': 1e-06, 'amsgrad': False, 'learning_rate': 0.001}","(<class '__main__.CustomLossWrapper'>, {'loss_function': <function custom_median_loss_scaled at 0x000001BAFB5578B0>, 'lambda_sign': 2.0})",<class '__main__.CustomLossWrapper'>,"{'loss_function': <function custom_median_loss_scaled at 0x000001BAFB5578B0>, 'lambda_sign': 2.0}","[(<class 'keras.src.metrics.regression_metrics.MeanSquaredError'>, {}), (<class 'keras.src.metrics.regression_metrics.MeanAbsoluteError'>, {}), (<class 'keras.src.metrics.regression_metrics.MeanAbsolutePercentageError'>, {}), (<class 'keras.src.metrics.regression_metrics.RootMeanSquaredError'>, {}), (<class 'keras.src.metrics.regression_metrics.CosineSimilarity'>, {}), (<class 'keras.src.metrics.regression_metrics.LogCoshError'>, {}), (<class 'tensorflow_addons.metrics.r_square.RSquare'>, {})]",200,"[{'nodes': 128, 'activation': 'softplus', 'l2_reg': 0.0001, 'l1_reg': 0.001}]",0.99,True,PCA(n_components=0.99),1,True,"{'enabled': True, 'contamination': 0.05, 'remove_outliers': False}",False,True,"{'method': <function cosine_annealing_50 at 0x000001BAC637EB80>, 'description': 'Cosine Annealing with 50 epochs cycle'}",True,0.9,val_root_mean_squared_error,<keras.src.engine.sequential.Sequential object at 0x000001BB9FF412B0>,StandardScaler(),IsolationForest(contamination=0.05),"[1.05343513e+01 3.10964172e+02 1.32371855e+01 2.82523438e+02
 1.76341763e+01 1.25551835e-01 1.25674791e+01 9.66358185e-03]",[0. 0. 0. 0. 0. 0. 0. 0.],13.23718592278142,10.10372488997745,0.5627759138265936,1.2664708069697572,0.7479634901449317,16.21524262301738,12.2051562861589,9.274967354109894,10.750209131175417,0.5627141393804528,0.05011931043322483,0.9202283137488408,0.4499277023414465,16.80362033374965,12.64800490282934,9.681937325792855,11.1003087416903,0.5690716572272839,0.05255888593916008,0.05133909818619246,0.051310116723431005,0.051324605409191607
0.001,64,"(<class 'keras.src.optimizers.adam.Adam'>, {'beta_1': 0.99, 'beta_2': 0.9995, 'epsilon': 1e-06, 'amsgrad': False, 'learning_rate': 0.001})",<class 'keras.src.optimizers.adam.Adam'>,"{'beta_1': 0.99, 'beta_2': 0.9995, 'epsilon': 1e-06, 'amsgrad': False, 'learning_rate': 0.001}","(<class '__main__.CustomLossWrapper'>, {'loss_function': <function custom_median_loss_scaled at 0x000001BAFB5578B0>, 'lambda_sign': 2.5})",<class '__main__.CustomLossWrapper'>,"{'loss_function': <function custom_median_loss_scaled at 0x000001BAFB5578B0>, 'lambda_sign': 2.5}","[(<class 'keras.src.metrics.regression_metrics.MeanSquaredError'>, {}), (<class 'keras.src.metrics.regression_metrics.MeanAbsoluteError'>, {}), (<class 'keras.src.metrics.regression_metrics.MeanAbsolutePercentageError'>, {}), (<class 'keras.src.metrics.regression_metrics.RootMeanSquaredError'>, {}), (<class 'keras.src.metrics.regression_metrics.CosineSimilarity'>, {}), (<class 'keras.src.metrics.regression_metrics.LogCoshError'>, {}), (<class 'tensorflow_addons.metrics.r_square.RSquare'>, {})]",200,"[{'nodes': 128, 'activation': 'softplus', 'l2_reg': 0.0001, 'l1_reg': 0.001}]",0.99,True,PCA(n_components=0.99),1,True,"{'enabled': True, 'contamination': 0.05, 'remove_outliers': False}",False,True,"{'method': <function cosine_annealing_50 at 0x000001BAC637EB80>, 'description': 'Cosine Annealing with 50 epochs cycle'}",True,0.9,val_root_mean_squared_error,<keras.src.engine.sequential.Sequential object at 0x000001BB914E2A60>,StandardScaler(),IsolationForest(contamination=0.05),"[1.06606636e+01 3.11245178e+02 1.32672558e+01 2.54644638e+02
 1.76421413e+01 1.18841603e-01 1.25979490e+01 8.76861811e-03]",[0. 0. 0. 0. 0. 0. 0. 0.],13.2672525502884,10.209531636612205,0.5594208016952146,0.7667828948338801,0.24059088629942788,16.226158524250106,12.22855757783861,9.437546589272397,10.692674812576543,0.5630320370174138,0.0334690226090885,0.47400908727075103,0.03347790004565376,16.793663928075745,12.664079363740386,9.810580962468599,11.038713947523581,0.5636542723467126,0.03997026174674688,0.03671964217791769,0.036431879908066116,0.03657547804326085
0.001,64,"(<class 'keras.src.optimizers.adam.Adam'>, {'beta_1': 0.99, 'beta_2': 0.9995, 'epsilon': 1e-06, 'amsgrad': False, 'learning_rate': 0.001})",<class 'keras.src.optimizers.adam.Adam'>,"{'beta_1': 0.99, 'beta_2': 0.9995, 'epsilon': 1e-06, 'amsgrad': False, 'learning_rate': 0.001}","(<class '__main__.CustomLossWrapper'>, {'loss_function': <function custom_median_loss_scaled at 0x000001BAFB5578B0>, 'lambda_sign': 3.0})",<class '__main__.CustomLossWrapper'>,"{'loss_function': <function custom_median_loss_scaled at 0x000001BAFB5578B0>, 'lambda_sign': 3.0}","[(<class 'keras.src.metrics.regression_metrics.MeanSquaredError'>, {}), (<class 'keras.src.metrics.regression_metrics.MeanAbsoluteError'>, {}), (<class 'keras.src.metrics.regression_metrics.MeanAbsolutePercentageError'>, {}), (<class 'keras.src.metrics.regression_metrics.RootMeanSquaredError'>, {}), (<class 'keras.src.metrics.regression_metrics.CosineSimilarity'>, {}), (<class 'keras.src.metrics.regression_metrics.LogCoshError'>, {}), (<class 'tensorflow_addons.metrics.r_square.RSquare'>, {})]",200,"[{'nodes': 128, 'activation': 'softplus', 'l2_reg': 0.0001, 'l1_reg': 0.001}]",0.99,True,PCA(n_components=0.99),1,True,"{'enabled': True, 'contamination': 0.05, 'remove_outliers': False}",False,True,"{'method': <function cosine_annealing_50 at 0x000001BAC637EB80>, 'description': 'Cosine Annealing with 50 epochs cycle'}",True,0.9,val_root_mean_squared_error,<keras.src.engine.sequential.Sequential object at 0x000001BBAB2BE0A0>,StandardScaler(),IsolationForest(contamination=0.05),"[1.06858215e+01 3.10829437e+02 1.32549667e+01 2.82115082e+02
 1.76303558e+01 1.17428921e-01 1.25852804e+01 1.00926757e-02]",[0. 0. 0. 0. 0. 0. 0. 0.],13.254967814373098,10.168444467734005,0.5587144622991347,0.7344986266148339,0.2584245907652448,16.206264289835808,12.207817589787842,9.384168553227914,10.683933497041934,0.5646215252022182,0.038935647315124444,0.43860263773788566,0.01465548643513026,16.796962546045386,12.654996861463422,9.834829079108605,11.052677540928624,0.5672248214725437,0.03759742438267075,0.038266535848897595,0.0382548360661944,0.038260685510334604
0.001,64,"(<class 'keras.src.optimizers.adam.Adam'>, {'beta_1': 0.85, 'beta_2': 0.95, 'epsilon': 1e-08, 'amsgrad': False, 'learning_rate': 0.001})",<class 'keras.src.optimizers.adam.Adam'>,"{'beta_1': 0.85, 'beta_2': 0.95, 'epsilon': 1e-08, 'amsgrad': False, 'learning_rate': 0.001}","(<class 'keras.src.losses.MeanSquaredError'>, {'reduction': 'auto'})",<class 'keras.src.losses.MeanSquaredError'>,{'reduction': 'auto'},"[(<class 'keras.src.metrics.regression_metrics.MeanSquaredError'>, {}), (<class 'keras.src.metrics.regression_metrics.MeanAbsoluteError'>, {}), (<class 'keras.src.metrics.regression_metrics.MeanAbsolutePercentageError'>, {}), (<class 'keras.src.metrics.regression_metrics.RootMeanSquaredError'>, {}), (<class 'keras.src.metrics.regression_metrics.CosineSimilarity'>, {}), (<class 'keras.src.metrics.regression_metrics.LogCoshError'>, {}), (<class 'tensorflow_addons.metrics.r_square.RSquare'>, {})]",200,"[{'nodes': 128, 'activation': 'softplus', 'l2_reg': 0.0001, 'l1_reg': 0.001}]",0.99,True,PCA(n_components=0.99),1,True,"{'enabled': True, 'contamination': 0.05, 'remove_outliers': False}",False,True,"{'method': <function cosine_annealing_50 at 0x000001BAC637EB80>, 'description': 'Cosine Annealing with 50 epochs cycle'}",True,0.9,val_root_mean_squared_error,<keras.src.engine.sequential.Sequential object at 0x000001BAD4A695E0>,StandardScaler(),IsolationForest(contamination=0.05),"[3.06767578e+02 3.06688049e+02 1.32252502e+01 2.05484528e+02
 1.75125103e+01 1.11778207e-01 1.25544901e+01 2.32818127e-02]",[0. 0. 0. 0. 0. 0. 0. 0.],13.22524778891353,10.245019893376227,0.5558891047148155,-0.10618820910077476,-0.6081720002322433,16.076709028925137,12.177339130288114,9.514061086927926,10.496619610498572,0.5611599731553106,0.02563291483425267,-0.3906703570428074,-0.7787935964231324,16.537057729835716,12.567264144152745,9.938820283796911,10.75506134550267,0.5631617828121153,0.0274212024647759,0.026527058649514285,0.026496919870355472,0.026511984977221154
0.001,64,"(<class 'keras.src.optimizers.adam.Adam'>, {'beta_1': 0.85, 'beta_2': 0.95, 'epsilon': 1e-08, 'amsgrad': False, 'learning_rate': 0.001})",<class 'keras.src.optimizers.adam.Adam'>,"{'beta_1': 0.85, 'beta_2': 0.95, 'epsilon': 1e-08, 'amsgrad': False, 'learning_rate': 0.001}","(<class 'keras.src.losses.MeanAbsoluteError'>, {'reduction': 'auto'})",<class 'keras.src.losses.MeanAbsoluteError'>,{'reduction': 'auto'},"[(<class 'keras.src.metrics.regression_metrics.MeanSquaredError'>, {}), (<class 'keras.src.metrics.regression_metrics.MeanAbsoluteError'>, {}), (<class 'keras.src.metrics.regression_metrics.MeanAbsolutePercentageError'>, {}), (<class 'keras.src.metrics.regression_metrics.RootMeanSquaredError'>, {}), (<class 'keras.src.metrics.regression_metrics.CosineSimilarity'>, {}), (<class 'keras.src.metrics.regression_metrics.LogCoshError'>, {}), (<class 'tensorflow_addons.metrics.r_square.RSquare'>, {})]",200,"[{'nodes': 128, 'activation': 'softplus', 'l2_reg': 0.0001, 'l1_reg': 0.001}]",0.99,True,PCA(n_components=0.99),1,True,"{'enabled': True, 'contamination': 0.05, 'remove_outliers': False}",False,True,"{'method': <function cosine_annealing_50 at 0x000001BAC637EB80>, 'description': 'Cosine Annealing with 50 epochs cycle'}",True,0.9,val_root_mean_squared_error,<keras.src.engine.sequential.Sequential object at 0x000001BAD4D3CF10>,StandardScaler(),IsolationForest(contamination=0.05),"[1.32446289e+01 3.07390747e+02 1.31935740e+01 1.67194336e+02
 1.75325623e+01 1.20960623e-01 1.25236654e+01 2.10438967e-02]",[0. 0. 0. 0. 0. 0. 0. 0.],13.193573701972678,10.082097048903242,0.5604803107893342,0.5027709404824418,-0.021615203654377746,16.134487002156142,12.138777373274108,9.302767117451769,10.640457573842308,0.5685775846843983,0.047272242905674756,0.10232748797785796,-0.37898473126277277,16.61969770548166,12.541218649971075,9.755539914739323,10.905195617673627,0.5752277764097513,0.0453563895252006,0.046314316215437676,0.0462945032586923,0.0463044086773569
0.001,64,"(<class 'keras.src.optimizers.adam.Adam'>, {'beta_1': 0.85, 'beta_2': 0.95, 'epsilon': 1e-08, 'amsgrad': False, 'learning_rate': 0.001})",<class 'keras.src.optimizers.adam.Adam'>,"{'beta_1': 0.85, 'beta_2': 0.95, 'epsilon': 1e-08, 'amsgrad': False, 'learning_rate': 0.001}","(<class 'keras.src.losses.MeanAbsolutePercentageError'>, {'reduction': 'auto'})",<class 'keras.src.losses.MeanAbsolutePercentageError'>,{'reduction': 'auto'},"[(<class 'keras.src.metrics.regression_metrics.MeanSquaredError'>, {}), (<class 'keras.src.metrics.regression_metrics.MeanAbsoluteError'>, {}), (<class 'keras.src.metrics.regression_metrics.MeanAbsolutePercentageError'>, {}), (<class 'keras.src.metrics.regression_metrics.RootMeanSquaredError'>, {}), (<class 'keras.src.metrics.regression_metrics.CosineSimilarity'>, {}), (<class 'keras.src.metrics.regression_metrics.LogCoshError'>, {}), (<class 'tensorflow_addons.metrics.r_square.RSquare'>, {})]",200,"[{'nodes': 128, 'activation': 'softplus', 'l2_reg': 0.0001, 'l1_reg': 0.001}]",0.99,True,PCA(n_components=0.99),1,True,"{'enabled': True, 'contamination': 0.05, 'remove_outliers': False}",False,True,"{'method': <function cosine_annealing_50 at 0x000001BAC637EB80>, 'description': 'Cosine Annealing with 50 epochs cycle'}",True,0.9,val_root_mean_squared_error,<keras.src.engine.sequential.Sequential object at 0x000001BAD89149A0>,StandardScaler(),IsolationForest(contamination=0.05),"[1.31443146e+02 3.13725220e+02 1.33936338e+01 1.31368866e+02
 1.77122898e+01 3.16086896e-02 1.27241087e+01 8.70406628e-04]",[0. 0. 0. 0. 0. 0. 0. 0.],13.393638299790439,10.41381339332673,0.5158043439872859,0.10135776157120624,-0.31305166228024217,16.327253416777975,12.397953175605654,9.76564609267056,10.624255524338569,0.5223411394864187,-0.0001327541557928406,-0.17250346891722185,-0.6126260166892169,16.90642391212051,12.833909979415175,10.217621161049301,11.005789538037774,0.5152671755725191,0.00013870673518151248,2.9762896943359365e-06,-0.006186862645409005,
0.001,64,"(<class 'keras.src.optimizers.adam.Adam'>, {'beta_1': 0.85, 'beta_2': 0.95, 'epsilon': 1e-08, 'amsgrad': False, 'learning_rate': 0.001})",<class 'keras.src.optimizers.adam.Adam'>,"{'beta_1': 0.85, 'beta_2': 0.95, 'epsilon': 1e-08, 'amsgrad': False, 'learning_rate': 0.001}","(<class 'keras.src.losses.MeanSquaredLogarithmicError'>, {'reduction': 'auto'})",<class 'keras.src.losses.MeanSquaredLogarithmicError'>,{'reduction': 'auto'},"[(<class 'keras.src.metrics.regression_metrics.MeanSquaredError'>, {}), (<class 'keras.src.metrics.regression_metrics.MeanAbsoluteError'>, {}), (<class 'keras.src.metrics.regression_metrics.MeanAbsolutePercentageError'>, {}), (<class 'keras.src.metrics.regression_metrics.RootMeanSquaredError'>, {}), (<class 'keras.src.metrics.regression_metrics.CosineSimilarity'>, {}), (<class 'keras.src.metrics.regression_metrics.LogCoshError'>, {}), (<class 'tensorflow_addons.metrics.r_square.RSquare'>, {})]",200,"[{'nodes': 128, 'activation': 'softplus', 'l2_reg': 0.0001, 'l1_reg': 0.001}]",0.99,True,PCA(n_components=0.99),1,True,"{'enabled': True, 'contamination': 0.05, 'remove_outliers': False}",False,True,"{'method': <function cosine_annealing_50 at 0x000001BAC637EB80>, 'description': 'Cosine Annealing with 50 epochs cycle'}",True,0.9,val_root_mean_squared_error,<keras.src.engine.sequential.Sequential object at 0x000001BAEA12DA00>,StandardScaler(),IsolationForest(contamination=0.05),"[ 1.83584559e+00  3.15711914e+02  1.33662987e+01  2.20208969e+02
  1.77682838e+01  4.99735139e-02  1.26963606e+01 -5.45668602e-03]",[0. 0. 0. 0. 0. 0. 0. 0.],13.366302236675956,10.334204532388862,0.5249867561363235,3.0709324128281104,2.575468098985116,16.231462773952796,12.474506590170469,9.70438530140651,10.829244265263462,0.5107908586768394,0.006141170099424706,2.8293979725875547,2.2422337965897046,16.80708621254355,12.868483983601358,9.990961385080627,11.174361470229199,0.5166215217926619,0.022318853479619892,0.014230011789522299,0.009632028256182068,0.011707428224955416
0.001,64,"(<class 'keras.src.optimizers.adam.Adam'>, {'beta_1': 0.85, 'beta_2': 0.95, 'epsilon': 1e-08, 'amsgrad': False, 'learning_rate': 0.001})",<class 'keras.src.optimizers.adam.Adam'>,"{'beta_1': 0.85, 'beta_2': 0.95, 'epsilon': 1e-08, 'amsgrad': False, 'learning_rate': 0.001}","(<class 'keras.src.losses.Huber'>, {'reduction': 'auto'})",<class 'keras.src.losses.Huber'>,{'reduction': 'auto'},"[(<class 'keras.src.metrics.regression_metrics.MeanSquaredError'>, {}), (<class 'keras.src.metrics.regression_metrics.MeanAbsoluteError'>, {}), (<class 'keras.src.metrics.regression_metrics.MeanAbsolutePercentageError'>, {}), (<class 'keras.src.metrics.regression_metrics.RootMeanSquaredError'>, {}), (<class 'keras.src.metrics.regression_metrics.CosineSimilarity'>, {}), (<class 'keras.src.metrics.regression_metrics.LogCoshError'>, {}), (<class 'tensorflow_addons.metrics.r_square.RSquare'>, {})]",200,"[{'nodes': 128, 'activation': 'softplus', 'l2_reg': 0.0001, 'l1_reg': 0.001}]",0.99,True,PCA(n_components=0.99),1,True,"{'enabled': True, 'contamination': 0.05, 'remove_outliers': False}",False,True,"{'method': <function cosine_annealing_50 at 0x000001BAC637EB80>, 'description': 'Cosine Annealing with 50 epochs cycle'}",True,0.9,val_root_mean_squared_error,<keras.src.engine.sequential.Sequential object at 0x000001BAEA1E98E0>,StandardScaler(),IsolationForest(contamination=0.05),"[1.27528801e+01 3.07421051e+02 1.31936684e+01 1.68778397e+02
 1.75334263e+01 1.24139152e-01 1.25244513e+01 2.09474564e-02]",[0. 0. 0. 0. 0. 0. 0. 0.],13.19366632532614,10.038893939739628,0.5620695744305139,0.44509429182789784,-0.052982572559904906,16.132184003646948,12.136799775573445,9.301469218494226,10.63665194907472,0.5685069407650737,0.0474051651155014,0.05342026082249736,-0.4080645144641602,16.618006217274104,12.534878569171001,9.760260523661895,10.909558020675416,0.5744890421078552,0.04489444695873386,0.04614980603711763,0.04611565797559787,0.0461327288467515
0.001,64,"(<class 'keras.src.optimizers.adam.Adam'>, {'beta_1': 0.85, 'beta_2': 0.95, 'epsilon': 1e-08, 'amsgrad': False, 'learning_rate': 0.001})",<class 'keras.src.optimizers.adam.Adam'>,"{'beta_1': 0.85, 'beta_2': 0.95, 'epsilon': 1e-08, 'amsgrad': False, 'learning_rate': 0.001}","(<class 'keras.src.losses.LogCosh'>, {'reduction': 'auto'})",<class 'keras.src.losses.LogCosh'>,{'reduction': 'auto'},"[(<class 'keras.src.metrics.regression_metrics.MeanSquaredError'>, {}), (<class 'keras.src.metrics.regression_metrics.MeanAbsoluteError'>, {}), (<class 'keras.src.metrics.regression_metrics.MeanAbsolutePercentageError'>, {}), (<class 'keras.src.metrics.regression_metrics.RootMeanSquaredError'>, {}), (<class 'keras.src.metrics.regression_metrics.CosineSimilarity'>, {}), (<class 'keras.src.metrics.regression_metrics.LogCoshError'>, {}), (<class 'tensorflow_addons.metrics.r_square.RSquare'>, {})]",200,"[{'nodes': 128, 'activation': 'softplus', 'l2_reg': 0.0001, 'l1_reg': 0.001}]",0.99,True,PCA(n_components=0.99),1,True,"{'enabled': True, 'contamination': 0.05, 'remove_outliers': False}",False,True,"{'method': <function cosine_annealing_50 at 0x000001BAC637EB80>, 'description': 'Cosine Annealing with 50 epochs cycle'}",True,0.9,val_root_mean_squared_error,<keras.src.engine.sequential.Sequential object at 0x000001BAEE309B20>,StandardScaler(),IsolationForest(contamination=0.05),"[1.25738001e+01 3.07396576e+02 1.31931162e+01 1.73527222e+02
 1.75327282e+01 1.23785980e-01 1.25239248e+01 2.10253596e-02]",[0. 0. 0. 0. 0. 0. 0. 0.],13.193115048094496,10.06172458990753,0.5618929895814939,0.44084171858930427,-0.07281159779632951,16.133396916492565,12.139667999778863,9.341136377743075,10.635041117476376,0.5685069407650737,0.04334271754648057,0.0694162155108852,-0.3860791885097645,16.623619113912095,12.541530446379259,9.77352753744039,10.910553487730574,0.5737503078059591,0.04359618258337249,0.04346945006492653,0.043469080584033454,0.04346926532408743
0.001,64,"(<class 'keras.src.optimizers.adam.Adam'>, {'beta_1': 0.85, 'beta_2': 0.95, 'epsilon': 1e-08, 'amsgrad': False, 'learning_rate': 0.001})",<class 'keras.src.optimizers.adam.Adam'>,"{'beta_1': 0.85, 'beta_2': 0.95, 'epsilon': 1e-08, 'amsgrad': False, 'learning_rate': 0.001}","(<class '__main__.CustomLossWrapper'>, {'loss_function': <function custom_median_loss at 0x000001BAFB5574C0>, 'lambda_sign': 1.0})",<class '__main__.CustomLossWrapper'>,"{'loss_function': <function custom_median_loss at 0x000001BAFB5574C0>, 'lambda_sign': 1.0}","[(<class 'keras.src.metrics.regression_metrics.MeanSquaredError'>, {}), (<class 'keras.src.metrics.regression_metrics.MeanAbsoluteError'>, {}), (<class 'keras.src.metrics.regression_metrics.MeanAbsolutePercentageError'>, {}), (<class 'keras.src.metrics.regression_metrics.RootMeanSquaredError'>, {}), (<class 'keras.src.metrics.regression_metrics.CosineSimilarity'>, {}), (<class 'keras.src.metrics.regression_metrics.LogCoshError'>, {}), (<class 'tensorflow_addons.metrics.r_square.RSquare'>, {})]",200,"[{'nodes': 128, 'activation': 'softplus', 'l2_reg': 0.0001, 'l1_reg': 0.001}]",0.99,True,PCA(n_components=0.99),1,True,"{'enabled': True, 'contamination': 0.05, 'remove_outliers': False}",False,True,"{'method': <function cosine_annealing_50 at 0x000001BAC637EB80>, 'description': 'Cosine Annealing with 50 epochs cycle'}",True,0.9,val_root_mean_squared_error,<keras.src.engine.sequential.Sequential object at 0x000001BAEF8D4490>,StandardScaler(),IsolationForest(contamination=0.05),"[1.08950958e+01 3.11138763e+02 1.32571516e+01 2.74189972e+02
 1.76391258e+01 1.19547941e-01 1.25882025e+01 9.10753012e-03]",[0. 0. 0. 0. 0. 0. 0. 0.],13.257151129297382,10.189573395797694,0.5597739713932545,1.0520983135567654,0.6006080012905829,16.22999438067,12.240063537655415,9.394236958863099,10.709585428889364,0.5595351630108438,0.037904507935065154,0.6451355350700295,0.2785238499068473,16.815360581020933,12.684771563885604,9.82414914154602,11.056643238206762,0.5677173110071411,0.038642526370207896,0.03827351715263652,0.0382699593974893,0.038271738233721625
0.001,64,"(<class 'keras.src.optimizers.adam.Adam'>, {'beta_1': 0.85, 'beta_2': 0.95, 'epsilon': 1e-08, 'amsgrad': False, 'learning_rate': 0.001})",<class 'keras.src.optimizers.adam.Adam'>,"{'beta_1': 0.85, 'beta_2': 0.95, 'epsilon': 1e-08, 'amsgrad': False, 'learning_rate': 0.001}","(<class '__main__.CustomLossWrapper'>, {'loss_function': <function custom_median_loss at 0x000001BAFB5574C0>, 'lambda_sign': 1.5})",<class '__main__.CustomLossWrapper'>,"{'loss_function': <function custom_median_loss at 0x000001BAFB5574C0>, 'lambda_sign': 1.5}","[(<class 'keras.src.metrics.regression_metrics.MeanSquaredError'>, {}), (<class 'keras.src.metrics.regression_metrics.MeanAbsoluteError'>, {}), (<class 'keras.src.metrics.regression_metrics.MeanAbsolutePercentageError'>, {}), (<class 'keras.src.metrics.regression_metrics.RootMeanSquaredError'>, {}), (<class 'keras.src.metrics.regression_metrics.CosineSimilarity'>, {}), (<class 'keras.src.metrics.regression_metrics.LogCoshError'>, {}), (<class 'tensorflow_addons.metrics.r_square.RSquare'>, {})]",200,"[{'nodes': 128, 'activation': 'softplus', 'l2_reg': 0.0001, 'l1_reg': 0.001}]",0.99,True,PCA(n_components=0.99),1,True,"{'enabled': True, 'contamination': 0.05, 'remove_outliers': False}",False,True,"{'method': <function cosine_annealing_50 at 0x000001BAC637EB80>, 'description': 'Cosine Annealing with 50 epochs cycle'}",True,0.9,val_root_mean_squared_error,<keras.src.engine.sequential.Sequential object at 0x000001BAF059E940>,StandardScaler(),IsolationForest(contamination=0.05),"[1.11311884e+01 3.11587402e+02 1.32656345e+01 2.61015991e+02
 1.76518383e+01 1.15663074e-01 1.25943403e+01 7.67880678e-03]",[0. 0. 0. 0. 0. 0. 0. 0.],13.2656288577074,10.208126182036303,0.557831538054035,0.8537295421953436,0.38967873997002545,16.232611084166344,12.218063144376309,9.365454739310092,10.721016854778034,0.5629967150577514,0.04085219211684909,0.5472634320244613,0.010569579987553923,16.834584013309986,12.659775669897908,9.747244053327105,11.109144782025915,0.5682098005417385,0.04616819401370393,0.04351019306527651,0.043347818032114925,0.043428929661411125
0.001,64,"(<class 'keras.src.optimizers.adam.Adam'>, {'beta_1': 0.85, 'beta_2': 0.95, 'epsilon': 1e-08, 'amsgrad': False, 'learning_rate': 0.001})",<class 'keras.src.optimizers.adam.Adam'>,"{'beta_1': 0.85, 'beta_2': 0.95, 'epsilon': 1e-08, 'amsgrad': False, 'learning_rate': 0.001}","(<class '__main__.CustomLossWrapper'>, {'loss_function': <function custom_median_loss at 0x000001BAFB5574C0>, 'lambda_sign': 2.0})",<class '__main__.CustomLossWrapper'>,"{'loss_function': <function custom_median_loss at 0x000001BAFB5574C0>, 'lambda_sign': 2.0}","[(<class 'keras.src.metrics.regression_metrics.MeanSquaredError'>, {}), (<class 'keras.src.metrics.regression_metrics.MeanAbsoluteError'>, {}), (<class 'keras.src.metrics.regression_metrics.MeanAbsolutePercentageError'>, {}), (<class 'keras.src.metrics.regression_metrics.RootMeanSquaredError'>, {}), (<class 'keras.src.metrics.regression_metrics.CosineSimilarity'>, {}), (<class 'keras.src.metrics.regression_metrics.LogCoshError'>, {}), (<class 'tensorflow_addons.metrics.r_square.RSquare'>, {})]",200,"[{'nodes': 128, 'activation': 'softplus', 'l2_reg': 0.0001, 'l1_reg': 0.001}]",0.99,True,PCA(n_components=0.99),1,True,"{'enabled': True, 'contamination': 0.05, 'remove_outliers': False}",False,True,"{'method': <function cosine_annealing_50 at 0x000001BAC637EB80>, 'description': 'Cosine Annealing with 50 epochs cycle'}",True,0.9,val_root_mean_squared_error,<keras.src.engine.sequential.Sequential object at 0x000001BAF51351C0>,StandardScaler(),IsolationForest(contamination=0.05),"[1.13698492e+01 3.09700989e+02 1.32598047e+01 1.85971420e+02
 1.75983238e+01 1.10012360e-01 1.25912199e+01 1.36865377e-02]",[0. 0. 0. 0. 0. 0. 0. 0.],13.259805654928435,10.28574988317149,0.5550061804697157,0.7454595495070511,0.3203027685885398,16.18233318313181,12.230771082126227,9.483459400279145,10.621986231167886,0.5586521140192858,0.028766936778057164,0.3961026219004133,0.024128240259793876,16.71278943735767,12.648831380670254,9.888679930889792,10.929849539249663,0.5653779857178035,0.03232776508950707,0.030547350933782115,0.0304435817207732,0.030495422189334143
0.001,64,"(<class 'keras.src.optimizers.adam.Adam'>, {'beta_1': 0.85, 'beta_2': 0.95, 'epsilon': 1e-08, 'amsgrad': False, 'learning_rate': 0.001})",<class 'keras.src.optimizers.adam.Adam'>,"{'beta_1': 0.85, 'beta_2': 0.95, 'epsilon': 1e-08, 'amsgrad': False, 'learning_rate': 0.001}","(<class '__main__.CustomLossWrapper'>, {'loss_function': <function custom_median_loss at 0x000001BAFB5574C0>, 'lambda_sign': 2.5})",<class '__main__.CustomLossWrapper'>,"{'loss_function': <function custom_median_loss at 0x000001BAFB5574C0>, 'lambda_sign': 2.5}","[(<class 'keras.src.metrics.regression_metrics.MeanSquaredError'>, {}), (<class 'keras.src.metrics.regression_metrics.MeanAbsoluteError'>, {}), (<class 'keras.src.metrics.regression_metrics.MeanAbsolutePercentageError'>, {}), (<class 'keras.src.metrics.regression_metrics.RootMeanSquaredError'>, {}), (<class 'keras.src.metrics.regression_metrics.CosineSimilarity'>, {}), (<class 'keras.src.metrics.regression_metrics.LogCoshError'>, {}), (<class 'tensorflow_addons.metrics.r_square.RSquare'>, {})]",200,"[{'nodes': 128, 'activation': 'softplus', 'l2_reg': 0.0001, 'l1_reg': 0.001}]",0.99,True,PCA(n_components=0.99),1,True,"{'enabled': True, 'contamination': 0.05, 'remove_outliers': False}",False,True,"{'method': <function cosine_annealing_50 at 0x000001BAC637EB80>, 'description': 'Cosine Annealing with 50 epochs cycle'}",True,0.9,val_root_mean_squared_error,<keras.src.engine.sequential.Sequential object at 0x000001BAF5FDF730>,StandardScaler(),IsolationForest(contamination=0.05),"[1.15316172e+01 3.09799927e+02 1.32404604e+01 2.02944656e+02
 1.76011333e+01 1.25198662e-01 1.25699348e+01 1.33713484e-02]",[0. 0. 0. 0. 0. 0. 0. 0.],13.240457624147535,10.218028963704377,0.5625993289775737,0.4980013451082755,-0.049378697228857016,16.186394633212345,12.17895451690839,9.341184830324805,10.673106989729925,0.5654692522341139,0.043337755354163586,0.17757707095577546,-0.2507090242307223,16.73761537477964,12.60307889365617,9.700159150847462,11.01463342384463,0.5672248214725437,0.050775760759867075,0.04705675805701533,0.04676283680797687,0.04690956723028532
0.001,64,"(<class 'keras.src.optimizers.adam.Adam'>, {'beta_1': 0.85, 'beta_2': 0.95, 'epsilon': 1e-08, 'amsgrad': False, 'learning_rate': 0.001})",<class 'keras.src.optimizers.adam.Adam'>,"{'beta_1': 0.85, 'beta_2': 0.95, 'epsilon': 1e-08, 'amsgrad': False, 'learning_rate': 0.001}","(<class '__main__.CustomLossWrapper'>, {'loss_function': <function custom_median_loss at 0x000001BAFB5574C0>, 'lambda_sign': 3.0})",<class '__main__.CustomLossWrapper'>,"{'loss_function': <function custom_median_loss at 0x000001BAFB5574C0>, 'lambda_sign': 3.0}","[(<class 'keras.src.metrics.regression_metrics.MeanSquaredError'>, {}), (<class 'keras.src.metrics.regression_metrics.MeanAbsoluteError'>, {}), (<class 'keras.src.metrics.regression_metrics.MeanAbsolutePercentageError'>, {}), (<class 'keras.src.metrics.regression_metrics.RootMeanSquaredError'>, {}), (<class 'keras.src.metrics.regression_metrics.CosineSimilarity'>, {}), (<class 'keras.src.metrics.regression_metrics.LogCoshError'>, {}), (<class 'tensorflow_addons.metrics.r_square.RSquare'>, {})]",200,"[{'nodes': 128, 'activation': 'softplus', 'l2_reg': 0.0001, 'l1_reg': 0.001}]",0.99,True,PCA(n_components=0.99),1,True,"{'enabled': True, 'contamination': 0.05, 'remove_outliers': False}",False,True,"{'method': <function cosine_annealing_50 at 0x000001BAC637EB80>, 'description': 'Cosine Annealing with 50 epochs cycle'}",True,0.9,val_root_mean_squared_error,<keras.src.engine.sequential.Sequential object at 0x000001BAF6C61280>,StandardScaler(),IsolationForest(contamination=0.05),"[1.17644396e+01 3.10167786e+02 1.32425747e+01 2.23406494e+02
 1.76115818e+01 1.19547941e-01 1.25729809e+01 1.21998191e-02]",[0. 0. 0. 0. 0. 0. 0. 0.],13.242576051988696,10.165712873529376,0.5597739713932545,0.6460441987174007,0.12025965724467325,16.207056891120153,12.19150189674447,9.330293026229963,10.698042448924827,0.5652926424358024,0.04445322174765441,0.3042294075056459,-0.11517862335797946,16.748763782106412,12.608849050707144,9.724180750163576,11.02773793619134,0.5707953705983748,0.04842508960266469,0.04643915567515955,0.04635422877442079,0.04639667279296315
0.001,64,"(<class 'keras.src.optimizers.adam.Adam'>, {'beta_1': 0.85, 'beta_2': 0.95, 'epsilon': 1e-08, 'amsgrad': False, 'learning_rate': 0.001})",<class 'keras.src.optimizers.adam.Adam'>,"{'beta_1': 0.85, 'beta_2': 0.95, 'epsilon': 1e-08, 'amsgrad': False, 'learning_rate': 0.001}","(<class '__main__.CustomLossWrapper'>, {'loss_function': <function custom_median_loss_scaled at 0x000001BAFB5578B0>, 'lambda_sign': 1.0})",<class '__main__.CustomLossWrapper'>,"{'loss_function': <function custom_median_loss_scaled at 0x000001BAFB5578B0>, 'lambda_sign': 1.0}","[(<class 'keras.src.metrics.regression_metrics.MeanSquaredError'>, {}), (<class 'keras.src.metrics.regression_metrics.MeanAbsoluteError'>, {}), (<class 'keras.src.metrics.regression_metrics.MeanAbsolutePercentageError'>, {}), (<class 'keras.src.metrics.regression_metrics.RootMeanSquaredError'>, {}), (<class 'keras.src.metrics.regression_metrics.CosineSimilarity'>, {}), (<class 'keras.src.metrics.regression_metrics.LogCoshError'>, {}), (<class 'tensorflow_addons.metrics.r_square.RSquare'>, {})]",200,"[{'nodes': 128, 'activation': 'softplus', 'l2_reg': 0.0001, 'l1_reg': 0.001}]",0.99,True,PCA(n_components=0.99),1,True,"{'enabled': True, 'contamination': 0.05, 'remove_outliers': False}",False,True,"{'method': <function cosine_annealing_50 at 0x000001BAC637EB80>, 'description': 'Cosine Annealing with 50 epochs cycle'}",True,0.9,val_root_mean_squared_error,<keras.src.engine.sequential.Sequential object at 0x000001BAFF46FB80>,StandardScaler(),IsolationForest(contamination=0.05),"[1.05378876e+01 3.10640350e+02 1.32568359e+01 2.42405197e+02
 1.76249924e+01 1.19194776e-01 1.25873871e+01 1.06948018e-02]",[0. 0. 0. 0. 0. 0. 0. 0.],13.256834972562839,10.227837643719008,0.5595973865442345,0.557135632053139,0.08367195217222667,16.214997900560054,12.206073691111069,9.368569815156656,10.68845500045951,0.5637737981703225,0.04053316669279994,0.17732495797974895,-0.28836433005898354,16.769430105259524,12.633706131399824,9.799851079037742,11.027921354654918,0.5667323319379464,0.04102025126531067,0.040776708979055304,0.04077525440249237,0.04077598168428781
0.001,64,"(<class 'keras.src.optimizers.adam.Adam'>, {'beta_1': 0.85, 'beta_2': 0.95, 'epsilon': 1e-08, 'amsgrad': False, 'learning_rate': 0.001})",<class 'keras.src.optimizers.adam.Adam'>,"{'beta_1': 0.85, 'beta_2': 0.95, 'epsilon': 1e-08, 'amsgrad': False, 'learning_rate': 0.001}","(<class '__main__.CustomLossWrapper'>, {'loss_function': <function custom_median_loss_scaled at 0x000001BAFB5578B0>, 'lambda_sign': 1.5})",<class '__main__.CustomLossWrapper'>,"{'loss_function': <function custom_median_loss_scaled at 0x000001BAFB5578B0>, 'lambda_sign': 1.5}","[(<class 'keras.src.metrics.regression_metrics.MeanSquaredError'>, {}), (<class 'keras.src.metrics.regression_metrics.MeanAbsoluteError'>, {}), (<class 'keras.src.metrics.regression_metrics.MeanAbsolutePercentageError'>, {}), (<class 'keras.src.metrics.regression_metrics.RootMeanSquaredError'>, {}), (<class 'keras.src.metrics.regression_metrics.CosineSimilarity'>, {}), (<class 'keras.src.metrics.regression_metrics.LogCoshError'>, {}), (<class 'tensorflow_addons.metrics.r_square.RSquare'>, {})]",200,"[{'nodes': 128, 'activation': 'softplus', 'l2_reg': 0.0001, 'l1_reg': 0.001}]",0.99,True,PCA(n_components=0.99),1,True,"{'enabled': True, 'contamination': 0.05, 'remove_outliers': False}",False,True,"{'method': <function cosine_annealing_50 at 0x000001BAC637EB80>, 'description': 'Cosine Annealing with 50 epochs cycle'}",True,0.9,val_root_mean_squared_error,<keras.src.engine.sequential.Sequential object at 0x000001BB00F94A90>,StandardScaler(),IsolationForest(contamination=0.05),"[1.05752068e+01 3.10157257e+02 1.32446527e+01 1.98107742e+02
 1.76112823e+01 1.26964509e-01 1.25754690e+01 1.22333169e-02]",[0. 0. 0. 0. 0. 0. 0. 0.],13.24464945369668,10.2085596364618,0.5634822532226735,0.35631308568181747,-0.09771871598417081,16.19788930128851,12.206407288616393,9.388636661519797,10.653494233858288,0.5650453887181661,0.03847805327480987,0.07469158962554488,-0.38123715016812154,16.75255277864592,12.622888705936898,9.78102699823211,11.01347649169456,0.572642206353115,0.04286231112270594,0.040670182198757905,0.04055202612078105,0.04061106118855989
0.001,64,"(<class 'keras.src.optimizers.adam.Adam'>, {'beta_1': 0.85, 'beta_2': 0.95, 'epsilon': 1e-08, 'amsgrad': False, 'learning_rate': 0.001})",<class 'keras.src.optimizers.adam.Adam'>,"{'beta_1': 0.85, 'beta_2': 0.95, 'epsilon': 1e-08, 'amsgrad': False, 'learning_rate': 0.001}","(<class '__main__.CustomLossWrapper'>, {'loss_function': <function custom_median_loss_scaled at 0x000001BAFB5578B0>, 'lambda_sign': 2.0})",<class '__main__.CustomLossWrapper'>,"{'loss_function': <function custom_median_loss_scaled at 0x000001BAFB5578B0>, 'lambda_sign': 2.0}","[(<class 'keras.src.metrics.regression_metrics.MeanSquaredError'>, {}), (<class 'keras.src.metrics.regression_metrics.MeanAbsoluteError'>, {}), (<class 'keras.src.metrics.regression_metrics.MeanAbsolutePercentageError'>, {}), (<class 'keras.src.metrics.regression_metrics.RootMeanSquaredError'>, {}), (<class 'keras.src.metrics.regression_metrics.CosineSimilarity'>, {}), (<class 'keras.src.metrics.regression_metrics.LogCoshError'>, {}), (<class 'tensorflow_addons.metrics.r_square.RSquare'>, {})]",200,"[{'nodes': 128, 'activation': 'softplus', 'l2_reg': 0.0001, 'l1_reg': 0.001}]",0.99,True,PCA(n_components=0.99),1,True,"{'enabled': True, 'contamination': 0.05, 'remove_outliers': False}",False,True,"{'method': <function cosine_annealing_50 at 0x000001BAC637EB80>, 'description': 'Cosine Annealing with 50 epochs cycle'}",True,0.9,val_root_mean_squared_error,<keras.src.engine.sequential.Sequential object at 0x000001BB00845A60>,StandardScaler(),IsolationForest(contamination=0.05),"[1.06798754e+01 3.12485992e+02 1.32941246e+01 2.87587982e+02
 1.76772728e+01 9.23538730e-02 1.26246376e+01 4.81694937e-03]",[0. 0. 0. 0. 0. 0. 0. 0.],13.294122697343024,10.27524081575512,0.546176938018718,1.2313504520820722,0.6525253928208254,16.230256716834763,12.253416205119352,9.465762217508601,10.71382276531361,0.5555791035286638,0.03057936495507111,0.9148588609295828,0.3516736687653197,16.819889629174924,12.694127116306463,9.849998976184278,11.071813365474005,0.5555281950258557,0.03611295038723652,0.033346157671153814,0.03311659173407464,0.03323117646872711
0.001,64,"(<class 'keras.src.optimizers.adam.Adam'>, {'beta_1': 0.85, 'beta_2': 0.95, 'epsilon': 1e-08, 'amsgrad': False, 'learning_rate': 0.001})",<class 'keras.src.optimizers.adam.Adam'>,"{'beta_1': 0.85, 'beta_2': 0.95, 'epsilon': 1e-08, 'amsgrad': False, 'learning_rate': 0.001}","(<class '__main__.CustomLossWrapper'>, {'loss_function': <function custom_median_loss_scaled at 0x000001BAFB5578B0>, 'lambda_sign': 2.5})",<class '__main__.CustomLossWrapper'>,"{'loss_function': <function custom_median_loss_scaled at 0x000001BAFB5578B0>, 'lambda_sign': 2.5}","[(<class 'keras.src.metrics.regression_metrics.MeanSquaredError'>, {}), (<class 'keras.src.metrics.regression_metrics.MeanAbsoluteError'>, {}), (<class 'keras.src.metrics.regression_metrics.MeanAbsolutePercentageError'>, {}), (<class 'keras.src.metrics.regression_metrics.RootMeanSquaredError'>, {}), (<class 'keras.src.metrics.regression_metrics.CosineSimilarity'>, {}), (<class 'keras.src.metrics.regression_metrics.LogCoshError'>, {}), (<class 'tensorflow_addons.metrics.r_square.RSquare'>, {})]",200,"[{'nodes': 128, 'activation': 'softplus', 'l2_reg': 0.0001, 'l1_reg': 0.001}]",0.99,True,PCA(n_components=0.99),1,True,"{'enabled': True, 'contamination': 0.05, 'remove_outliers': False}",False,True,"{'method': <function cosine_annealing_50 at 0x000001BAC637EB80>, 'description': 'Cosine Annealing with 50 epochs cycle'}",True,0.9,val_root_mean_squared_error,<keras.src.engine.sequential.Sequential object at 0x000001BB0A1D2B50>,StandardScaler(),IsolationForest(contamination=0.05),"[1.05642204e+01 3.09951599e+02 1.32313976e+01 2.35582138e+02
 1.76054420e+01 1.20960623e-01 1.25613079e+01 1.28883719e-02]",[0. 0. 0. 0. 0. 0. 0. 0.],13.231399837978438,10.110037968152806,0.5604803107893342,0.9544380282483753,0.3904277924804794,16.207382609390077,12.197153464114177,9.318266840894779,10.715149438735883,0.5632086468157254,0.04568486395003701,0.5555554375837618,0.10397499227082446,16.75098649829157,12.611862911316077,9.702844424165239,11.037461496033895,0.5699335139128293,0.05051298914111524,0.048098926545576126,0.04797776587456491,0.04803830801164365
0.001,64,"(<class 'keras.src.optimizers.adam.Adam'>, {'beta_1': 0.85, 'beta_2': 0.95, 'epsilon': 1e-08, 'amsgrad': False, 'learning_rate': 0.001})",<class 'keras.src.optimizers.adam.Adam'>,"{'beta_1': 0.85, 'beta_2': 0.95, 'epsilon': 1e-08, 'amsgrad': False, 'learning_rate': 0.001}","(<class '__main__.CustomLossWrapper'>, {'loss_function': <function custom_median_loss_scaled at 0x000001BAFB5578B0>, 'lambda_sign': 3.0})",<class '__main__.CustomLossWrapper'>,"{'loss_function': <function custom_median_loss_scaled at 0x000001BAFB5578B0>, 'lambda_sign': 3.0}","[(<class 'keras.src.metrics.regression_metrics.MeanSquaredError'>, {}), (<class 'keras.src.metrics.regression_metrics.MeanAbsoluteError'>, {}), (<class 'keras.src.metrics.regression_metrics.MeanAbsolutePercentageError'>, {}), (<class 'keras.src.metrics.regression_metrics.RootMeanSquaredError'>, {}), (<class 'keras.src.metrics.regression_metrics.CosineSimilarity'>, {}), (<class 'keras.src.metrics.regression_metrics.LogCoshError'>, {}), (<class 'tensorflow_addons.metrics.r_square.RSquare'>, {})]",200,"[{'nodes': 128, 'activation': 'softplus', 'l2_reg': 0.0001, 'l1_reg': 0.001}]",0.99,True,PCA(n_components=0.99),1,True,"{'enabled': True, 'contamination': 0.05, 'remove_outliers': False}",False,True,"{'method': <function cosine_annealing_50 at 0x000001BAC637EB80>, 'description': 'Cosine Annealing with 50 epochs cycle'}",True,0.9,val_root_mean_squared_error,<keras.src.engine.sequential.Sequential object at 0x000001BB0BCDBF70>,StandardScaler(),IsolationForest(contamination=0.05),"[1.06676464e+01 3.11022491e+02 1.32543774e+01 2.38319901e+02
 1.76358299e+01 1.23079643e-01 1.25836668e+01 9.47785378e-03]",[0. 0. 0. 0. 0. 0. 0. 0.],13.254378263228693,10.193537465390268,0.561539819883454,0.9704949394179421,0.44293014481349147,16.207590814603126,12.20742649765166,9.34661620697016,10.705202852168714,0.5636325103316732,0.04278150975283537,0.692038010920448,0.18337215687040875,16.771038635170026,12.631166747894692,9.770794859250508,11.053537574991147,0.5680866781580891,0.04386359307999853,0.04332255141641695,0.04331579451793889,0.0433191728354358
0.001,64,"(<class 'keras.src.optimizers.adam.Adam'>, {'beta_1': 0.99, 'beta_2': 0.9995, 'epsilon': 1e-06, 'amsgrad': False, 'learning_rate': 0.001})",<class 'keras.src.optimizers.adam.Adam'>,"{'beta_1': 0.99, 'beta_2': 0.9995, 'epsilon': 1e-06, 'amsgrad': False, 'learning_rate': 0.001}","(<class '__main__.CustomLossWrapper'>, {'loss_function': <function custom_median_loss_scaled at 0x000001BAFB5578B0>, 'lambda_sign': 2.0})",<class '__main__.CustomLossWrapper'>,"{'loss_function': <function custom_median_loss_scaled at 0x000001BAFB5578B0>, 'lambda_sign': 2.0}","[(<class 'keras.src.metrics.regression_metrics.MeanSquaredError'>, {}), (<class 'keras.src.metrics.regression_metrics.MeanAbsoluteError'>, {}), (<class 'keras.src.metrics.regression_metrics.MeanAbsolutePercentageError'>, {}), (<class 'keras.src.metrics.regression_metrics.RootMeanSquaredError'>, {}), (<class 'keras.src.metrics.regression_metrics.CosineSimilarity'>, {}), (<class 'keras.src.metrics.regression_metrics.LogCoshError'>, {}), (<class 'tensorflow_addons.metrics.r_square.RSquare'>, {})]",200,"[{'nodes': 128, 'activation': 'softplus', 'l2_reg': 0.0001, 'l1_reg': 0.001}]",0.99,True,PCA(n_components=0.99),1,True,"{'enabled': True, 'contamination': 0.05, 'remove_outliers': False}",False,True,"{'method': <function cosine_annealing_50 at 0x000001BAC637EB80>, 'description': 'Cosine Annealing with 50 epochs cycle'}",True,0.9,val_root_mean_squared_error,<keras.src.engine.sequential.Sequential object at 0x000001BB08E8CD30>,StandardScaler(),IsolationForest(contamination=0.05),"[1.06381321e+01 3.10341003e+02 1.32538033e+01 2.20603195e+02
 1.76164989e+01 1.24845490e-01 1.25852880e+01 1.16481781e-02]",[0. 0. 0. 0. 0. 0. 0. 0.],13.25380535082238,10.252168650960257,0.5624227441285538,0.6063992428212153,0.13609087436405054,16.19096862606144,12.222447356270937,9.478573529423228,10.63586864496683,0.5609480413973367,0.029267315291594046,0.2952482109379109,-0.14305908745454832,16.72997318168096,12.634513686287793,9.886012351466118,10.969439012520196,0.572642206353115,0.032588805244588286,0.030928060268091168,0.03083888319545703,0.0308834395440294
0.001,64,"(<class 'keras.src.optimizers.adam.Adam'>, {'beta_1': 0.99, 'beta_2': 0.9995, 'epsilon': 1e-06, 'amsgrad': False, 'learning_rate': 0.001})",<class 'keras.src.optimizers.adam.Adam'>,"{'beta_1': 0.99, 'beta_2': 0.9995, 'epsilon': 1e-06, 'amsgrad': False, 'learning_rate': 0.001}","(<class '__main__.CustomLossWrapper'>, {'loss_function': <function custom_median_loss_scaled at 0x000001BAFB5578B0>, 'lambda_sign': 2.0})",<class '__main__.CustomLossWrapper'>,"{'loss_function': <function custom_median_loss_scaled at 0x000001BAFB5578B0>, 'lambda_sign': 2.0}","[(<class 'keras.src.metrics.regression_metrics.MeanSquaredError'>, {}), (<class 'keras.src.metrics.regression_metrics.MeanAbsoluteError'>, {}), (<class 'keras.src.metrics.regression_metrics.MeanAbsolutePercentageError'>, {}), (<class 'keras.src.metrics.regression_metrics.RootMeanSquaredError'>, {}), (<class 'keras.src.metrics.regression_metrics.CosineSimilarity'>, {}), (<class 'keras.src.metrics.regression_metrics.LogCoshError'>, {}), (<class 'tensorflow_addons.metrics.r_square.RSquare'>, {})]",200,"[{'nodes': 128, 'activation': 'softplus', 'l2_reg': 0.0001, 'l1_reg': 0.001}]",0.99,True,PCA(n_components=0.99),1,False,"{'enabled': True, 'contamination': 0.05, 'remove_outliers': False}",False,True,"{'method': <function cosine_annealing_50 at 0x000001BAC637EB80>, 'description': 'Cosine Annealing with 50 epochs cycle'}",True,0.9,val_root_mean_squared_error,<keras.src.engine.sequential.Sequential object at 0x000001BAE83B9FA0>,StandardScaler(),IsolationForest(contamination=0.05),"[1.06198559e+01 3.10452667e+02 1.32651873e+01 1.59046829e+02
 1.76196671e+01 1.19901113e-01 1.25949430e+01 1.12926364e-02]",[0. 0. 0. 0. 0. 0. 0. 0.],13.265190107256892,10.243393793197555,0.5599505562422744,0.39834141130428086,-0.016043463893107943,16.206208241440546,12.217397082471894,9.409571371361668,10.655036511803498,0.5649747447988415,0.036334059030812306,-0.024771633083735815,-0.40587312104204654,16.77772293664308,12.652791710093606,9.776648693601425,11.017247801206004,0.5683329229253878,0.04329075696752074,0.03981240799916652,0.03950850998963382,0.03966016791626641
0.001,64,"(<class 'keras.src.optimizers.adam.Adam'>, {'beta_1': 0.99, 'beta_2': 0.9995, 'epsilon': 1e-06, 'amsgrad': False, 'learning_rate': 0.001})",<class 'keras.src.optimizers.adam.Adam'>,"{'beta_1': 0.99, 'beta_2': 0.9995, 'epsilon': 1e-06, 'amsgrad': False, 'learning_rate': 0.001}","(<class '__main__.CustomLossWrapper'>, {'loss_function': <function custom_median_loss_scaled at 0x000001BAFB5578B0>, 'lambda_sign': 1.0})",<class '__main__.CustomLossWrapper'>,"{'loss_function': <function custom_median_loss_scaled at 0x000001BAFB5578B0>, 'lambda_sign': 1.0}","[(<class 'keras.src.metrics.regression_metrics.MeanSquaredError'>, {}), (<class 'keras.src.metrics.regression_metrics.MeanAbsoluteError'>, {}), (<class 'keras.src.metrics.regression_metrics.MeanAbsolutePercentageError'>, {}), (<class 'keras.src.metrics.regression_metrics.RootMeanSquaredError'>, {}), (<class 'keras.src.metrics.regression_metrics.CosineSimilarity'>, {}), (<class 'keras.src.metrics.regression_metrics.LogCoshError'>, {}), (<class 'tensorflow_addons.metrics.r_square.RSquare'>, {})]",200,"[{'nodes': 128, 'activation': 'softplus', 'l2_reg': 0.0001, 'l1_reg': 0.001}]",0.99,True,PCA(n_components=0.99),1,True,"{'enabled': True, 'contamination': 0.05, 'remove_outliers': False}",False,True,"{'method': <function cosine_annealing_50 at 0x000001BAC637EB80>, 'description': 'Cosine Annealing with 50 epochs cycle'}",True,0.9,val_root_mean_squared_error,<keras.src.engine.sequential.Sequential object at 0x000001BB7D821880>,StandardScaler(),IsolationForest(contamination=0.05),"[1.06200981e+01 3.11220978e+02 1.33030157e+01 1.86607895e+02
 1.76414566e+01 9.62387398e-02 1.26342545e+01 8.84574652e-03]",[0. 0. 0. 0. 0. 0. 0. 0.],13.30301595383602,10.261939592289103,0.5481193713579375,0.4107356578231932,-0.07088569208850437,16.23106554690503,12.284202223387322,9.59874257897023,10.61646098910824,0.5532831761506128,0.01696039761843265,0.11044950921490164,-0.38091457015643704,16.84116253751017,12.735825844842113,9.968460080978694,11.018880305913607,0.5550357054912584,0.02452075377176121,0.02074057569509693,0.020051600302062333,0.020393178611309036
0.001,64,"(<class 'keras.src.optimizers.adam.Adam'>, {'beta_1': 0.99, 'beta_2': 0.9995, 'epsilon': 1e-06, 'amsgrad': False, 'learning_rate': 0.001})",<class 'keras.src.optimizers.adam.Adam'>,"{'beta_1': 0.99, 'beta_2': 0.9995, 'epsilon': 1e-06, 'amsgrad': False, 'learning_rate': 0.001}","(<class '__main__.CustomLossWrapper'>, {'loss_function': <function custom_median_loss_scaled at 0x000001BAFB5578B0>, 'lambda_sign': 1.0})",<class '__main__.CustomLossWrapper'>,"{'loss_function': <function custom_median_loss_scaled at 0x000001BAFB5578B0>, 'lambda_sign': 1.0}","[(<class 'keras.src.metrics.regression_metrics.MeanSquaredError'>, {}), (<class 'keras.src.metrics.regression_metrics.MeanAbsoluteError'>, {}), (<class 'keras.src.metrics.regression_metrics.MeanAbsolutePercentageError'>, {}), (<class 'keras.src.metrics.regression_metrics.RootMeanSquaredError'>, {}), (<class 'keras.src.metrics.regression_metrics.CosineSimilarity'>, {}), (<class 'keras.src.metrics.regression_metrics.LogCoshError'>, {}), (<class 'tensorflow_addons.metrics.r_square.RSquare'>, {})]",200,"[{'nodes': 128, 'activation': 'softplus', 'l2_reg': 0.0001, 'l1_reg': 0.001}]",0.99,True,PCA(n_components=0.99),1,False,"{'enabled': True, 'contamination': 0.05, 'remove_outliers': False}",False,True,"{'method': <function cosine_annealing_50 at 0x000001BAC637EB80>, 'description': 'Cosine Annealing with 50 epochs cycle'}",True,0.9,val_root_mean_squared_error,<keras.src.engine.sequential.Sequential object at 0x000001BAFA435640>,StandardScaler(),IsolationForest(contamination=0.05),"[1.06049223e+01 3.11178253e+02 1.32851362e+01 1.47091476e+02
 1.76402454e+01 1.02595799e-01 1.26150103e+01 8.98176432e-03]",[0. 0. 0. 0. 0. 0. 0. 0.],13.285132720273825,10.236318061858924,0.5512978986402967,0.7611272255943778,0.3009653614589808,16.235377412349358,12.257853497007584,9.470621467030941,10.672700454738258,0.5580869626646886,0.03008171282209489,0.3982082616695243,-0.09334848269158952,16.821192358426412,12.705104523341621,9.953863567570185,11.030482488655736,0.5653779857178035,0.025949118411999133,0.028015415617047013,0.02786301437488979,0.027939111082070825
0.001,64,"(<class 'keras.src.optimizers.adam.Adam'>, {'beta_1': 0.85, 'beta_2': 0.95, 'epsilon': 1e-08, 'amsgrad': False, 'learning_rate': 0.001})",<class 'keras.src.optimizers.adam.Adam'>,"{'beta_1': 0.85, 'beta_2': 0.95, 'epsilon': 1e-08, 'amsgrad': False, 'learning_rate': 0.001}","(<class '__main__.CustomLossWrapper'>, {'loss_function': <function custom_median_loss_scaled at 0x000001BAFB5578B0>, 'lambda_sign': 2.0})",<class '__main__.CustomLossWrapper'>,"{'loss_function': <function custom_median_loss_scaled at 0x000001BAFB5578B0>, 'lambda_sign': 2.0}","[(<class 'keras.src.metrics.regression_metrics.MeanSquaredError'>, {}), (<class 'keras.src.metrics.regression_metrics.MeanAbsoluteError'>, {}), (<class 'keras.src.metrics.regression_metrics.MeanAbsolutePercentageError'>, {}), (<class 'keras.src.metrics.regression_metrics.RootMeanSquaredError'>, {}), (<class 'keras.src.metrics.regression_metrics.CosineSimilarity'>, {}), (<class 'keras.src.metrics.regression_metrics.LogCoshError'>, {}), (<class 'tensorflow_addons.metrics.r_square.RSquare'>, {})]",200,"[{'nodes': 128, 'activation': 'softplus', 'l2_reg': 0.0001, 'l1_reg': 0.001}]",0.99,True,PCA(n_components=0.99),1,True,"{'enabled': True, 'contamination': 0.05, 'remove_outliers': False}",False,True,"{'method': <function cosine_annealing_50 at 0x000001BAC637EB80>, 'description': 'Cosine Annealing with 50 epochs cycle'}",True,0.9,val_root_mean_squared_error,<keras.src.engine.sequential.Sequential object at 0x000001BAE83C2490>,StandardScaler(),IsolationForest(contamination=0.05),"[1.06068392e+01 3.11193481e+02 1.32593966e+01 2.10302490e+02
 1.76406765e+01 1.18488431e-01 1.25906391e+01 8.93324614e-03]",[0. 0. 0. 0. 0. 0. 0. 0.],13.25939798911254,10.184546158688295,0.5592442168461946,1.0135218563296615,0.5147046044304844,16.247793881693923,12.233281521825006,9.30760103836605,10.740558916452464,0.5626081735014659,0.04677718476087878,0.5860469498001117,0.10468862923890844,16.85431931891995,12.690773132134861,9.811755850397233,11.105675050425692,0.5632849051957646,0.03985529125163361,0.0433162380062562,0.04303971001145197,0.043177752634618455
0.001,64,"(<class 'keras.src.optimizers.adam.Adam'>, {'beta_1': 0.85, 'beta_2': 0.95, 'epsilon': 1e-08, 'amsgrad': False, 'learning_rate': 0.001})",<class 'keras.src.optimizers.adam.Adam'>,"{'beta_1': 0.85, 'beta_2': 0.95, 'epsilon': 1e-08, 'amsgrad': False, 'learning_rate': 0.001}","(<class '__main__.CustomLossWrapper'>, {'loss_function': <function custom_median_loss_scaled at 0x000001BAFB5578B0>, 'lambda_sign': 2.0})",<class '__main__.CustomLossWrapper'>,"{'loss_function': <function custom_median_loss_scaled at 0x000001BAFB5578B0>, 'lambda_sign': 2.0}","[(<class 'keras.src.metrics.regression_metrics.MeanSquaredError'>, {}), (<class 'keras.src.metrics.regression_metrics.MeanAbsoluteError'>, {}), (<class 'keras.src.metrics.regression_metrics.MeanAbsolutePercentageError'>, {}), (<class 'keras.src.metrics.regression_metrics.RootMeanSquaredError'>, {}), (<class 'keras.src.metrics.regression_metrics.CosineSimilarity'>, {}), (<class 'keras.src.metrics.regression_metrics.LogCoshError'>, {}), (<class 'tensorflow_addons.metrics.r_square.RSquare'>, {})]",200,"[{'nodes': 128, 'activation': 'softplus', 'l2_reg': 0.0001, 'l1_reg': 0.001}]",0.99,True,PCA(n_components=0.99),1,False,"{'enabled': True, 'contamination': 0.05, 'remove_outliers': False}",False,True,"{'method': <function cosine_annealing_50 at 0x000001BAC637EB80>, 'description': 'Cosine Annealing with 50 epochs cycle'}",True,0.9,val_root_mean_squared_error,<keras.src.engine.sequential.Sequential object at 0x000001BBA42749D0>,StandardScaler(),IsolationForest(contamination=0.05),"[1.06889563e+01 3.12002869e+02 1.33014908e+01 1.46329529e+02
 1.76636028e+01 9.94172692e-02 1.26321888e+01 6.35558367e-03]",[0. 0. 0. 0. 0. 0. 0. 0.],13.301494396534238,10.180531621397904,0.549708634999117,0.5303994760634547,0.01655952224738022,16.25038002025319,12.267811143376402,9.502821176825544,10.670130176359221,0.5574511673907668,0.026784031938076085,0.21177988167680753,-0.2688370507026696,16.841279309073613,12.701785035601773,9.898592120943224,11.05976199918755,0.55848313223344,0.0313577922347987,0.02907091208643739,0.02889101333412377,0.028980823120201442
0.001,64,"(<class 'keras.src.optimizers.adam.Adam'>, {'beta_1': 0.85, 'beta_2': 0.95, 'epsilon': 1e-08, 'amsgrad': False, 'learning_rate': 0.001})",<class 'keras.src.optimizers.adam.Adam'>,"{'beta_1': 0.85, 'beta_2': 0.95, 'epsilon': 1e-08, 'amsgrad': False, 'learning_rate': 0.001}","(<class '__main__.CustomLossWrapper'>, {'loss_function': <function custom_median_loss_scaled at 0x000001BAFB5578B0>, 'lambda_sign': 1.0})",<class '__main__.CustomLossWrapper'>,"{'loss_function': <function custom_median_loss_scaled at 0x000001BAFB5578B0>, 'lambda_sign': 1.0}","[(<class 'keras.src.metrics.regression_metrics.MeanSquaredError'>, {}), (<class 'keras.src.metrics.regression_metrics.MeanAbsoluteError'>, {}), (<class 'keras.src.metrics.regression_metrics.MeanAbsolutePercentageError'>, {}), (<class 'keras.src.metrics.regression_metrics.RootMeanSquaredError'>, {}), (<class 'keras.src.metrics.regression_metrics.CosineSimilarity'>, {}), (<class 'keras.src.metrics.regression_metrics.LogCoshError'>, {}), (<class 'tensorflow_addons.metrics.r_square.RSquare'>, {})]",200,"[{'nodes': 128, 'activation': 'softplus', 'l2_reg': 0.0001, 'l1_reg': 0.001}]",0.99,True,PCA(n_components=0.99),1,True,"{'enabled': True, 'contamination': 0.05, 'remove_outliers': False}",False,True,"{'method': <function cosine_annealing_50 at 0x000001BAC637EB80>, 'description': 'Cosine Annealing with 50 epochs cycle'}",True,0.9,val_root_mean_squared_error,<keras.src.engine.sequential.Sequential object at 0x000001BAF4ECB550>,StandardScaler(),IsolationForest(contamination=0.05),"[1.05662813e+01 3.11159943e+02 1.32947903e+01 2.28689072e+02
 1.76397266e+01 1.05421156e-01 1.26244993e+01 9.04011726e-03]",[0. 0. 0. 0. 0. 0. 0. 0.],13.29478833868259,10.288058817022101,0.5527105774324563,0.06560999702785208,-0.450322420362506,16.21496835155912,12.225701382048584,9.441381022375948,10.651593754064391,0.5604535339620642,0.03307632538208592,-0.2987552766211088,-0.8032860849715673,16.79393876810747,12.671530184276516,9.886107890622526,11.024436309050335,0.5630386604284658,0.03257945611106902,0.03282789074657747,0.03282601064503221,0.03282695068234493
0.001,64,"(<class 'keras.src.optimizers.adam.Adam'>, {'beta_1': 0.85, 'beta_2': 0.95, 'epsilon': 1e-08, 'amsgrad': False, 'learning_rate': 0.001})",<class 'keras.src.optimizers.adam.Adam'>,"{'beta_1': 0.85, 'beta_2': 0.95, 'epsilon': 1e-08, 'amsgrad': False, 'learning_rate': 0.001}","(<class '__main__.CustomLossWrapper'>, {'loss_function': <function custom_median_loss_scaled at 0x000001BAFB5578B0>, 'lambda_sign': 1.0})",<class '__main__.CustomLossWrapper'>,"{'loss_function': <function custom_median_loss_scaled at 0x000001BAFB5578B0>, 'lambda_sign': 1.0}","[(<class 'keras.src.metrics.regression_metrics.MeanSquaredError'>, {}), (<class 'keras.src.metrics.regression_metrics.MeanAbsoluteError'>, {}), (<class 'keras.src.metrics.regression_metrics.MeanAbsolutePercentageError'>, {}), (<class 'keras.src.metrics.regression_metrics.RootMeanSquaredError'>, {}), (<class 'keras.src.metrics.regression_metrics.CosineSimilarity'>, {}), (<class 'keras.src.metrics.regression_metrics.LogCoshError'>, {}), (<class 'tensorflow_addons.metrics.r_square.RSquare'>, {})]",200,"[{'nodes': 128, 'activation': 'softplus', 'l2_reg': 0.0001, 'l1_reg': 0.001}]",0.99,True,PCA(n_components=0.99),1,False,"{'enabled': True, 'contamination': 0.05, 'remove_outliers': False}",False,True,"{'method': <function cosine_annealing_50 at 0x000001BAC637EB80>, 'description': 'Cosine Annealing with 50 epochs cycle'}",True,0.9,val_root_mean_squared_error,<keras.src.engine.sequential.Sequential object at 0x000001BAF9545610>,StandardScaler(),IsolationForest(contamination=0.05),"[1.05818510e+01 3.11146301e+02 1.32733116e+01 1.92418015e+02
 1.76393394e+01 1.12484552e-01 1.26028004e+01 9.08356905e-03]",[0. 0. 0. 0. 0. 0. 0. 0.],13.273308778942145,10.186852493440501,0.5562422744128553,0.8245343296597466,0.3058114070248723,16.221135112419375,12.231537944810139,9.442293504220615,10.685939359368916,0.5594645190915192,0.032982875038732935,0.48368275566883573,-0.07105220112966198,16.793494990747465,12.662337324484394,9.89647489659961,11.040875059040166,0.566978576705245,0.03156497653307819,0.03227392578590556,0.03225835256291377,0.032266138234859396
0.001,64,"(<class 'keras.src.optimizers.adam.Adam'>, {'beta_1': 0.99, 'beta_2': 0.9995, 'epsilon': 1e-06, 'amsgrad': False, 'learning_rate': 0.001})",<class 'keras.src.optimizers.adam.Adam'>,"{'beta_1': 0.99, 'beta_2': 0.9995, 'epsilon': 1e-06, 'amsgrad': False, 'learning_rate': 0.001}","(<class '__main__.CustomLossWrapper'>, {'loss_function': <function custom_median_loss_scaled at 0x000001BAFB5578B0>, 'lambda_sign': 2.0})",<class '__main__.CustomLossWrapper'>,"{'loss_function': <function custom_median_loss_scaled at 0x000001BAFB5578B0>, 'lambda_sign': 2.0}","[(<class 'keras.src.metrics.regression_metrics.MeanSquaredError'>, {}), (<class 'keras.src.metrics.regression_metrics.MeanAbsoluteError'>, {}), (<class 'keras.src.metrics.regression_metrics.MeanAbsolutePercentageError'>, {}), (<class 'keras.src.metrics.regression_metrics.RootMeanSquaredError'>, {}), (<class 'keras.src.metrics.regression_metrics.CosineSimilarity'>, {}), (<class 'keras.src.metrics.regression_metrics.LogCoshError'>, {}), (<class 'tensorflow_addons.metrics.r_square.RSquare'>, {})]",200,"[{'nodes': 128, 'activation': 'softplus', 'l2_reg': 0.0001, 'l1_reg': 0.001}]",0.99,True,PCA(n_components=0.99),1,True,"{'enabled': True, 'contamination': 0.05, 'remove_outliers': False}",False,True,"{'method': <function cosine_annealing_50 at 0x000001BAC637EB80>, 'description': 'Cosine Annealing with 50 epochs cycle'}",True,0.9,val_root_mean_squared_error,<keras.src.engine.sequential.Sequential object at 0x000001BAF90FF970>,StandardScaler(),IsolationForest(contamination=0.05),"[1.06930599e+01 3.10383667e+02 1.32741518e+01 2.10498611e+02
 1.76177082e+01 1.16722584e-01 1.26061401e+01 1.15123987e-02]",[0. 0. 0. 0. 0. 0. 0. 0.],13.274152380280285,10.289202309129347,0.5583612926010948,0.39659817025223837,-0.05401544326638108,16.219007337151574,12.25103884424935,9.495534853468309,10.635799937758971,0.5621489880258557,0.027530248888576716,-0.030768859857240285,-0.5579597958529114,16.782386223202465,12.695657703789935,9.996995023262127,10.9749652562878,0.5664860871706476,0.02172842238218956,0.024629335635383137,0.024287657815602055,0.024457900076208496
0.001,64,"(<class 'keras.src.optimizers.adam.Adam'>, {'beta_1': 0.99, 'beta_2': 0.9995, 'epsilon': 1e-06, 'amsgrad': False, 'learning_rate': 0.001})",<class 'keras.src.optimizers.adam.Adam'>,"{'beta_1': 0.99, 'beta_2': 0.9995, 'epsilon': 1e-06, 'amsgrad': False, 'learning_rate': 0.001}","(<class '__main__.CustomLossWrapper'>, {'loss_function': <function custom_median_loss_scaled at 0x000001BAFB5578B0>, 'lambda_sign': 2.0})",<class '__main__.CustomLossWrapper'>,"{'loss_function': <function custom_median_loss_scaled at 0x000001BAFB5578B0>, 'lambda_sign': 2.0}","[(<class 'keras.src.metrics.regression_metrics.MeanSquaredError'>, {}), (<class 'keras.src.metrics.regression_metrics.MeanAbsoluteError'>, {}), (<class 'keras.src.metrics.regression_metrics.MeanAbsolutePercentageError'>, {}), (<class 'keras.src.metrics.regression_metrics.RootMeanSquaredError'>, {}), (<class 'keras.src.metrics.regression_metrics.CosineSimilarity'>, {}), (<class 'keras.src.metrics.regression_metrics.LogCoshError'>, {}), (<class 'tensorflow_addons.metrics.r_square.RSquare'>, {})]",200,"[{'nodes': 128, 'activation': 'softplus', 'l2_reg': 0.0001, 'l1_reg': 0.001}]",0.99,True,PCA(n_components=0.99),1,False,"{'enabled': True, 'contamination': 0.05, 'remove_outliers': False}",False,True,"{'method': <function cosine_annealing_50 at 0x000001BAC637EB80>, 'description': 'Cosine Annealing with 50 epochs cycle'}",True,0.9,val_root_mean_squared_error,<keras.src.engine.sequential.Sequential object at 0x000001BAFEE79F40>,StandardScaler(),IsolationForest(contamination=0.05),"[1.06191082e+01 3.10657898e+02 1.32843876e+01 1.58853592e+02
 1.76254902e+01 1.04361646e-01 1.26139097e+01 1.06389523e-02]",[0. 0. 0. 0. 0. 0. 0. 0.],13.284382902193999,10.228276582955724,0.5521808228853964,0.20165503178159364,-0.277069028964408,16.224725654074113,12.225716062997767,9.40164251654531,10.66812897331663,0.5617604464695701,0.03714607979518724,-0.10360525850348708,-0.509695621015373,16.799189161709016,12.661134870798199,9.795333058062848,11.040806861970605,0.567347943856193,0.04146236927142502,0.039304224533306134,0.0391857235638563,0.03924492932155533
0.001,64,"(<class 'keras.src.optimizers.adam.Adam'>, {'beta_1': 0.99, 'beta_2': 0.9995, 'epsilon': 1e-06, 'amsgrad': False, 'learning_rate': 0.001})",<class 'keras.src.optimizers.adam.Adam'>,"{'beta_1': 0.99, 'beta_2': 0.9995, 'epsilon': 1e-06, 'amsgrad': False, 'learning_rate': 0.001}","(<class '__main__.CustomLossWrapper'>, {'loss_function': <function custom_median_loss_scaled at 0x000001BAFB5578B0>, 'lambda_sign': 1.0})",<class '__main__.CustomLossWrapper'>,"{'loss_function': <function custom_median_loss_scaled at 0x000001BAFB5578B0>, 'lambda_sign': 1.0}","[(<class 'keras.src.metrics.regression_metrics.MeanSquaredError'>, {}), (<class 'keras.src.metrics.regression_metrics.MeanAbsoluteError'>, {}), (<class 'keras.src.metrics.regression_metrics.MeanAbsolutePercentageError'>, {}), (<class 'keras.src.metrics.regression_metrics.RootMeanSquaredError'>, {}), (<class 'keras.src.metrics.regression_metrics.CosineSimilarity'>, {}), (<class 'keras.src.metrics.regression_metrics.LogCoshError'>, {}), (<class 'tensorflow_addons.metrics.r_square.RSquare'>, {})]",200,"[{'nodes': 128, 'activation': 'softplus', 'l2_reg': 0.0001, 'l1_reg': 0.001}]",0.99,True,PCA(n_components=0.99),1,True,"{'enabled': True, 'contamination': 0.05, 'remove_outliers': False}",False,True,"{'method': <function cosine_annealing_50 at 0x000001BAC637EB80>, 'description': 'Cosine Annealing with 50 epochs cycle'}",True,0.9,val_root_mean_squared_error,<keras.src.engine.sequential.Sequential object at 0x000001BB08F1DA30>,StandardScaler(),IsolationForest(contamination=0.05),"[1.05205412e+01 3.09874969e+02 1.32451134e+01 1.98097305e+02
 1.76032658e+01 1.24492317e-01 1.25753880e+01 1.31324530e-02]",[0. 0. 0. 0. 0. 0. 0. 0.],13.245111121401184,10.172173141901997,0.5622461592795338,0.5994732660658295,0.12399741818484644,16.19119660037467,12.201295242750785,9.3811263197517,10.660082739800046,0.5671647062979054,0.03924721270634149,0.2999321207176841,-0.172033627159294,16.733987378043988,12.628575231520193,9.830186397643955,10.982520359954076,0.5639005171140113,0.03805174123590837,0.03864947697112493,0.03864023265432805,0.038644854536307435
0.001,64,"(<class 'keras.src.optimizers.adam.Adam'>, {'beta_1': 0.99, 'beta_2': 0.9995, 'epsilon': 1e-06, 'amsgrad': False, 'learning_rate': 0.001})",<class 'keras.src.optimizers.adam.Adam'>,"{'beta_1': 0.99, 'beta_2': 0.9995, 'epsilon': 1e-06, 'amsgrad': False, 'learning_rate': 0.001}","(<class '__main__.CustomLossWrapper'>, {'loss_function': <function custom_median_loss_scaled at 0x000001BAFB5578B0>, 'lambda_sign': 1.0})",<class '__main__.CustomLossWrapper'>,"{'loss_function': <function custom_median_loss_scaled at 0x000001BAFB5578B0>, 'lambda_sign': 1.0}","[(<class 'keras.src.metrics.regression_metrics.MeanSquaredError'>, {}), (<class 'keras.src.metrics.regression_metrics.MeanAbsoluteError'>, {}), (<class 'keras.src.metrics.regression_metrics.MeanAbsolutePercentageError'>, {}), (<class 'keras.src.metrics.regression_metrics.RootMeanSquaredError'>, {}), (<class 'keras.src.metrics.regression_metrics.CosineSimilarity'>, {}), (<class 'keras.src.metrics.regression_metrics.LogCoshError'>, {}), (<class 'tensorflow_addons.metrics.r_square.RSquare'>, {})]",200,"[{'nodes': 128, 'activation': 'softplus', 'l2_reg': 0.0001, 'l1_reg': 0.001}]",0.99,True,PCA(n_components=0.99),1,False,"{'enabled': True, 'contamination': 0.05, 'remove_outliers': False}",False,True,"{'method': <function cosine_annealing_50 at 0x000001BAC637EB80>, 'description': 'Cosine Annealing with 50 epochs cycle'}",True,0.9,val_root_mean_squared_error,<keras.src.engine.sequential.Sequential object at 0x000001BB0C21CA60>,StandardScaler(),IsolationForest(contamination=0.05),"[1.05773172e+01 3.11897003e+02 1.32844496e+01 1.79322906e+02
 1.76606064e+01 1.23432808e-01 1.26157675e+01 6.69276714e-03]",[0. 0. 0. 0. 0. 0. 0. 0.],13.28445185403403,10.233677674838244,0.561716404732474,0.9235957497237497,0.4674114543361807,16.249841189573626,12.275311049256574,9.497449368586864,10.687460594309123,0.5572745575924553,0.02733417693796297,0.4975534682812491,-0.05166198977581443,16.833410034512912,12.705568508524285,9.934389203605006,11.05259851473474,0.5590987441516868,0.027854812744644922,0.027594494841303947,0.027592039082965567,0.027593266934814918
0.001,64,"(<class 'keras.src.optimizers.adam.Adam'>, {'beta_1': 0.85, 'beta_2': 0.95, 'epsilon': 1e-08, 'amsgrad': False, 'learning_rate': 0.001})",<class 'keras.src.optimizers.adam.Adam'>,"{'beta_1': 0.85, 'beta_2': 0.95, 'epsilon': 1e-08, 'amsgrad': False, 'learning_rate': 0.001}","(<class '__main__.CustomLossWrapper'>, {'loss_function': <function custom_median_loss_scaled at 0x000001BAFB5578B0>, 'lambda_sign': 2.0})",<class '__main__.CustomLossWrapper'>,"{'loss_function': <function custom_median_loss_scaled at 0x000001BAFB5578B0>, 'lambda_sign': 2.0}","[(<class 'keras.src.metrics.regression_metrics.MeanSquaredError'>, {}), (<class 'keras.src.metrics.regression_metrics.MeanAbsoluteError'>, {}), (<class 'keras.src.metrics.regression_metrics.MeanAbsolutePercentageError'>, {}), (<class 'keras.src.metrics.regression_metrics.RootMeanSquaredError'>, {}), (<class 'keras.src.metrics.regression_metrics.CosineSimilarity'>, {}), (<class 'keras.src.metrics.regression_metrics.LogCoshError'>, {}), (<class 'tensorflow_addons.metrics.r_square.RSquare'>, {})]",200,"[{'nodes': 128, 'activation': 'softplus', 'l2_reg': 0.0001, 'l1_reg': 0.001}]",0.99,True,PCA(n_components=0.99),1,True,"{'enabled': True, 'contamination': 0.05, 'remove_outliers': False}",False,True,"{'method': <function cosine_annealing_50 at 0x000001BAC637EB80>, 'description': 'Cosine Annealing with 50 epochs cycle'}",True,0.9,val_root_mean_squared_error,<keras.src.engine.sequential.Sequential object at 0x000001BB21E58F70>,StandardScaler(),IsolationForest(contamination=0.05),"[1.06273832e+01 3.11148865e+02 1.32772675e+01 1.94073792e+02
 1.76394119e+01 1.13190889e-01 1.26077003e+01 9.07540321e-03]",[0. 0. 0. 0. 0. 0. 0. 0.],13.277268299162062,10.289184161346977,0.5565954441108952,0.48070708766544146,-0.0345329745742573,16.24115148420018,12.233017818202452,9.435266105121297,10.693646621082054,0.5615485147115962,0.03370257468267434,0.028232757204540347,-0.4700729210689634,16.848313978113413,12.689548608540596,9.837429981875118,11.08250914838489,0.5619305589756217,0.037342908976120394,0.03552274182939737,0.0354294773945201,0.035476078963662366
0.001,64,"(<class 'keras.src.optimizers.adam.Adam'>, {'beta_1': 0.85, 'beta_2': 0.95, 'epsilon': 1e-08, 'amsgrad': False, 'learning_rate': 0.001})",<class 'keras.src.optimizers.adam.Adam'>,"{'beta_1': 0.85, 'beta_2': 0.95, 'epsilon': 1e-08, 'amsgrad': False, 'learning_rate': 0.001}","(<class '__main__.CustomLossWrapper'>, {'loss_function': <function custom_median_loss_scaled at 0x000001BAFB5578B0>, 'lambda_sign': 2.0})",<class '__main__.CustomLossWrapper'>,"{'loss_function': <function custom_median_loss_scaled at 0x000001BAFB5578B0>, 'lambda_sign': 2.0}","[(<class 'keras.src.metrics.regression_metrics.MeanSquaredError'>, {}), (<class 'keras.src.metrics.regression_metrics.MeanAbsoluteError'>, {}), (<class 'keras.src.metrics.regression_metrics.MeanAbsolutePercentageError'>, {}), (<class 'keras.src.metrics.regression_metrics.RootMeanSquaredError'>, {}), (<class 'keras.src.metrics.regression_metrics.CosineSimilarity'>, {}), (<class 'keras.src.metrics.regression_metrics.LogCoshError'>, {}), (<class 'tensorflow_addons.metrics.r_square.RSquare'>, {})]",200,"[{'nodes': 128, 'activation': 'softplus', 'l2_reg': 0.0001, 'l1_reg': 0.001}]",0.99,True,PCA(n_components=0.99),1,False,"{'enabled': True, 'contamination': 0.05, 'remove_outliers': False}",False,True,"{'method': <function cosine_annealing_50 at 0x000001BAC637EB80>, 'description': 'Cosine Annealing with 50 epochs cycle'}",True,0.9,val_root_mean_squared_error,<keras.src.engine.sequential.Sequential object at 0x000001BB2222C490>,StandardScaler(),IsolationForest(contamination=0.05),"[1.05903349e+01 3.10852631e+02 1.32593689e+01 2.39780548e+02
 1.76310139e+01 1.21313788e-01 1.25892019e+01 1.00188255e-02]",[0. 0. 0. 0. 0. 0. 0. 0.],13.259368266234459,10.20516337403862,0.5606568956383542,1.070608743174031,0.6035727784649754,16.210164733569012,12.224071033061142,9.393256967905675,10.699649216843863,0.5629967150577514,0.038004872114351926,0.6142571727757421,0.12000956528225001,16.79392992729183,12.663236747978479,9.804873735830292,11.046996413785442,0.5668554543215957,0.0405287513322961,0.03926681172332401,0.03922625606049319,0.03924652865335078
0.001,64,"(<class 'keras.src.optimizers.adam.Adam'>, {'beta_1': 0.85, 'beta_2': 0.95, 'epsilon': 1e-08, 'amsgrad': False, 'learning_rate': 0.001})",<class 'keras.src.optimizers.adam.Adam'>,"{'beta_1': 0.85, 'beta_2': 0.95, 'epsilon': 1e-08, 'amsgrad': False, 'learning_rate': 0.001}","(<class '__main__.CustomLossWrapper'>, {'loss_function': <function custom_median_loss_scaled at 0x000001BAFB5578B0>, 'lambda_sign': 1.0})",<class '__main__.CustomLossWrapper'>,"{'loss_function': <function custom_median_loss_scaled at 0x000001BAFB5578B0>, 'lambda_sign': 1.0}","[(<class 'keras.src.metrics.regression_metrics.MeanSquaredError'>, {}), (<class 'keras.src.metrics.regression_metrics.MeanAbsoluteError'>, {}), (<class 'keras.src.metrics.regression_metrics.MeanAbsolutePercentageError'>, {}), (<class 'keras.src.metrics.regression_metrics.RootMeanSquaredError'>, {}), (<class 'keras.src.metrics.regression_metrics.CosineSimilarity'>, {}), (<class 'keras.src.metrics.regression_metrics.LogCoshError'>, {}), (<class 'tensorflow_addons.metrics.r_square.RSquare'>, {})]",200,"[{'nodes': 128, 'activation': 'softplus', 'l2_reg': 0.0001, 'l1_reg': 0.001}]",0.99,True,PCA(n_components=0.99),1,True,"{'enabled': True, 'contamination': 0.05, 'remove_outliers': False}",False,True,"{'method': <function cosine_annealing_50 at 0x000001BAC637EB80>, 'description': 'Cosine Annealing with 50 epochs cycle'}",True,0.9,val_root_mean_squared_error,<keras.src.engine.sequential.Sequential object at 0x000001BB26E1D6A0>,StandardScaler(),IsolationForest(contamination=0.05),"[1.05092564e+01 3.11208344e+02 1.32434626e+01 2.97257324e+02
 1.76410980e+01 1.17428921e-01 1.25736275e+01 8.88592005e-03]",[0. 0. 0. 0. 0. 0. 0. 0.],13.243460076798234,10.218106812470854,0.5587144622991347,1.2649155971626227,0.6966155175632057,16.22357408344365,12.210237903091995,9.34567623963258,10.756823324874834,0.5628554272191021,0.04287777497822129,0.8910627263529327,0.3444490665030256,16.810568407307315,12.649641409033741,9.7907430521486,11.106582250702884,0.5707953705983748,0.04191153147632348,0.042394653227272386,0.04238914765974271,0.04239190035412941
0.001,64,"(<class 'keras.src.optimizers.adam.Adam'>, {'beta_1': 0.85, 'beta_2': 0.95, 'epsilon': 1e-08, 'amsgrad': False, 'learning_rate': 0.001})",<class 'keras.src.optimizers.adam.Adam'>,"{'beta_1': 0.85, 'beta_2': 0.95, 'epsilon': 1e-08, 'amsgrad': False, 'learning_rate': 0.001}","(<class '__main__.CustomLossWrapper'>, {'loss_function': <function custom_median_loss_scaled at 0x000001BAFB5578B0>, 'lambda_sign': 1.0})",<class '__main__.CustomLossWrapper'>,"{'loss_function': <function custom_median_loss_scaled at 0x000001BAFB5578B0>, 'lambda_sign': 1.0}","[(<class 'keras.src.metrics.regression_metrics.MeanSquaredError'>, {}), (<class 'keras.src.metrics.regression_metrics.MeanAbsoluteError'>, {}), (<class 'keras.src.metrics.regression_metrics.MeanAbsolutePercentageError'>, {}), (<class 'keras.src.metrics.regression_metrics.RootMeanSquaredError'>, {}), (<class 'keras.src.metrics.regression_metrics.CosineSimilarity'>, {}), (<class 'keras.src.metrics.regression_metrics.LogCoshError'>, {}), (<class 'tensorflow_addons.metrics.r_square.RSquare'>, {})]",200,"[{'nodes': 128, 'activation': 'softplus', 'l2_reg': 0.0001, 'l1_reg': 0.001}]",0.99,True,PCA(n_components=0.99),1,False,"{'enabled': True, 'contamination': 0.05, 'remove_outliers': False}",False,True,"{'method': <function cosine_annealing_50 at 0x000001BAC637EB80>, 'description': 'Cosine Annealing with 50 epochs cycle'}",True,0.9,val_root_mean_squared_error,<keras.src.engine.sequential.Sequential object at 0x000001BB356345B0>,StandardScaler(),IsolationForest(contamination=0.05),"[1.05463581e+01 3.10428253e+02 1.32496643e+01 2.19871475e+02
 1.76189747e+01 1.05067983e-01 1.25807018e+01 1.13703012e-02]",[0. 0. 0. 0. 0. 0. 0. 0.],13.249661629114968,10.180659878799403,0.5525339925834364,1.0814396320046722,0.5394865267680431,16.192338934020313,12.210657651417318,9.39986234646761,10.689058245082773,0.5594998410511816,0.0373283930170448,0.7674385664241963,0.28338816405097467,16.773525139614115,12.6524873038234,9.797785519188796,11.037890767036235,0.5675941886234918,0.04122237985369051,0.039275386435367654,0.039178868394043456,0.03922709772945825
0.001,64,"(<class 'keras.src.optimizers.adam.Adam'>, {'beta_1': 0.99, 'beta_2': 0.9995, 'epsilon': 1e-06, 'amsgrad': False, 'learning_rate': 0.001})",<class 'keras.src.optimizers.adam.Adam'>,"{'beta_1': 0.99, 'beta_2': 0.9995, 'epsilon': 1e-06, 'amsgrad': False, 'learning_rate': 0.001}","(<class '__main__.CustomLossWrapper'>, {'loss_function': <function custom_median_loss_scaled at 0x000001BAFB5578B0>, 'lambda_sign': 2.0})",<class '__main__.CustomLossWrapper'>,"{'loss_function': <function custom_median_loss_scaled at 0x000001BAFB5578B0>, 'lambda_sign': 2.0}","[(<class 'keras.src.metrics.regression_metrics.MeanSquaredError'>, {}), (<class 'keras.src.metrics.regression_metrics.MeanAbsoluteError'>, {}), (<class 'keras.src.metrics.regression_metrics.MeanAbsolutePercentageError'>, {}), (<class 'keras.src.metrics.regression_metrics.RootMeanSquaredError'>, {}), (<class 'keras.src.metrics.regression_metrics.CosineSimilarity'>, {}), (<class 'keras.src.metrics.regression_metrics.LogCoshError'>, {}), (<class 'tensorflow_addons.metrics.r_square.RSquare'>, {})]",200,"[{'nodes': 128, 'activation': 'softplus', 'l2_reg': 0.0001, 'l1_reg': 0.001}]",0.99,True,PCA(n_components=0.99),1,True,"{'enabled': True, 'contamination': 0.05, 'remove_outliers': False}",False,True,"{'method': <function cosine_annealing_50 at 0x000001BAC637EB80>, 'description': 'Cosine Annealing with 50 epochs cycle'}",False,,val_root_mean_squared_error,<keras.src.engine.sequential.Sequential object at 0x000001BB393E3790>,StandardScaler(),IsolationForest(contamination=0.05),"[1.05815392e+01 3.13500641e+02 1.33073339e+01 2.62110138e+02
 1.77059498e+01 9.90640968e-02 1.26375694e+01 1.58560276e-03]",[0. 0. 0. 0. 0. 0. 0. 0.],13.307329523202169,10.133880136208376,0.5495320501500971,0.9056636262255745,0.41582208612653204,16.431157569563467,12.351512040295592,9.396852806053626,10.873727790778828,0.5528239906750027,0.037636610201491026,0.5206761563446722,0.09372487695360698,17.012095725203142,12.805963810113173,9.951251936913444,11.210246885810932,0.5517114011327259,0.026204683613020044,0.03192064690725553,0.030897101348295673,0.031404704465997364
0.001,64,"(<class 'keras.src.optimizers.adam.Adam'>, {'beta_1': 0.99, 'beta_2': 0.9995, 'epsilon': 1e-06, 'amsgrad': False, 'learning_rate': 0.001})",<class 'keras.src.optimizers.adam.Adam'>,"{'beta_1': 0.99, 'beta_2': 0.9995, 'epsilon': 1e-06, 'amsgrad': False, 'learning_rate': 0.001}","(<class '__main__.CustomLossWrapper'>, {'loss_function': <function custom_median_loss_scaled at 0x000001BAFB5578B0>, 'lambda_sign': 2.0})",<class '__main__.CustomLossWrapper'>,"{'loss_function': <function custom_median_loss_scaled at 0x000001BAFB5578B0>, 'lambda_sign': 2.0}","[(<class 'keras.src.metrics.regression_metrics.MeanSquaredError'>, {}), (<class 'keras.src.metrics.regression_metrics.MeanAbsoluteError'>, {}), (<class 'keras.src.metrics.regression_metrics.MeanAbsolutePercentageError'>, {}), (<class 'keras.src.metrics.regression_metrics.RootMeanSquaredError'>, {}), (<class 'keras.src.metrics.regression_metrics.CosineSimilarity'>, {}), (<class 'keras.src.metrics.regression_metrics.LogCoshError'>, {}), (<class 'tensorflow_addons.metrics.r_square.RSquare'>, {})]",200,"[{'nodes': 128, 'activation': 'softplus', 'l2_reg': 0.0001, 'l1_reg': 0.001}]",0.99,True,PCA(n_components=0.99),1,True,"{'enabled': True, 'contamination': 0.05, 'remove_outliers': False}",False,True,"{'method': <function cosine_annealing_50 at 0x000001BAC637EB80>, 'description': 'Cosine Annealing with 50 epochs cycle'}",True,0.1,val_root_mean_squared_error,<keras.src.engine.sequential.Sequential object at 0x000001BB40608490>,StandardScaler(),IsolationForest(contamination=0.05),"[1.06375179e+01 3.11996094e+02 1.33283844e+01 3.25059967e+02
 1.76634121e+01 1.03302136e-01 1.26556540e+01 6.37716055e-03]",[0. 0. 0. 0. 0. 0. 0. 0.],13.328389104433988,10.277631168810204,0.5516510683383365,0.6125685797524478,0.1907955180468417,16.451706906926344,12.397938180276457,9.485407149760988,10.83141786926882,0.5591466214545583,0.02856746118420543,0.3455746350319911,-0.02948496998622785,16.925990129366404,12.776183642714907,9.829186325241565,11.106647112084174,0.5578675203151933,0.03814960488438883,0.03335853303429713,0.03267042215576596,0.033012684785208725
0.001,64,"(<class 'keras.src.optimizers.adam.Adam'>, {'beta_1': 0.99, 'beta_2': 0.9995, 'epsilon': 1e-06, 'amsgrad': False, 'learning_rate': 0.001})",<class 'keras.src.optimizers.adam.Adam'>,"{'beta_1': 0.99, 'beta_2': 0.9995, 'epsilon': 1e-06, 'amsgrad': False, 'learning_rate': 0.001}","(<class '__main__.CustomLossWrapper'>, {'loss_function': <function custom_median_loss_scaled at 0x000001BAFB5578B0>, 'lambda_sign': 2.0})",<class '__main__.CustomLossWrapper'>,"{'loss_function': <function custom_median_loss_scaled at 0x000001BAFB5578B0>, 'lambda_sign': 2.0}","[(<class 'keras.src.metrics.regression_metrics.MeanSquaredError'>, {}), (<class 'keras.src.metrics.regression_metrics.MeanAbsoluteError'>, {}), (<class 'keras.src.metrics.regression_metrics.MeanAbsolutePercentageError'>, {}), (<class 'keras.src.metrics.regression_metrics.RootMeanSquaredError'>, {}), (<class 'keras.src.metrics.regression_metrics.CosineSimilarity'>, {}), (<class 'keras.src.metrics.regression_metrics.LogCoshError'>, {}), (<class 'tensorflow_addons.metrics.r_square.RSquare'>, {})]",200,"[{'nodes': 128, 'activation': 'softplus', 'l2_reg': 0.0001, 'l1_reg': 0.001}]",0.99,True,PCA(n_components=0.99),1,True,"{'enabled': True, 'contamination': 0.05, 'remove_outliers': False}",False,True,"{'method': <function cosine_annealing_50 at 0x000001BAC637EB80>, 'description': 'Cosine Annealing with 50 epochs cycle'}",True,0.2,val_root_mean_squared_error,<keras.src.engine.sequential.Sequential object at 0x000001BBB7C10100>,StandardScaler(),IsolationForest(contamination=0.05),"[1.06305761e+01 3.13009155e+02 1.32845793e+01 2.85674652e+02
 1.76920643e+01 1.14250399e-01 1.26149178e+01 3.15082073e-03]",[0. 0. 0. 0. 0. 0. 0. 0.],13.284580498777979,10.216832633221063,0.5571251986579552,0.8886344564793074,0.44250652570867904,16.321922190486873,12.278229340829748,9.373670445665136,10.790486652144507,0.5586167920596234,0.04001079391889759,0.5746335837820296,0.12832283400457536,16.931425758403847,12.72263874359495,9.795328884327319,11.18561372047463,0.560945579906427,0.041462777698840624,0.04073678580886911,0.040723847521916934,0.040730316151650174
0.001,64,"(<class 'keras.src.optimizers.adam.Adam'>, {'beta_1': 0.99, 'beta_2': 0.9995, 'epsilon': 1e-06, 'amsgrad': False, 'learning_rate': 0.001})",<class 'keras.src.optimizers.adam.Adam'>,"{'beta_1': 0.99, 'beta_2': 0.9995, 'epsilon': 1e-06, 'amsgrad': False, 'learning_rate': 0.001}","(<class '__main__.CustomLossWrapper'>, {'loss_function': <function custom_median_loss_scaled at 0x000001BAFB5578B0>, 'lambda_sign': 2.0})",<class '__main__.CustomLossWrapper'>,"{'loss_function': <function custom_median_loss_scaled at 0x000001BAFB5578B0>, 'lambda_sign': 2.0}","[(<class 'keras.src.metrics.regression_metrics.MeanSquaredError'>, {}), (<class 'keras.src.metrics.regression_metrics.MeanAbsoluteError'>, {}), (<class 'keras.src.metrics.regression_metrics.MeanAbsolutePercentageError'>, {}), (<class 'keras.src.metrics.regression_metrics.RootMeanSquaredError'>, {}), (<class 'keras.src.metrics.regression_metrics.CosineSimilarity'>, {}), (<class 'keras.src.metrics.regression_metrics.LogCoshError'>, {}), (<class 'tensorflow_addons.metrics.r_square.RSquare'>, {})]",200,"[{'nodes': 128, 'activation': 'softplus', 'l2_reg': 0.0001, 'l1_reg': 0.001}]",0.99,True,PCA(n_components=0.99),1,True,"{'enabled': True, 'contamination': 0.05, 'remove_outliers': False}",False,True,"{'method': <function cosine_annealing_50 at 0x000001BAC637EB80>, 'description': 'Cosine Annealing with 50 epochs cycle'}",True,0.3,val_root_mean_squared_error,<keras.src.engine.sequential.Sequential object at 0x000001BBB993B4C0>,StandardScaler(),IsolationForest(contamination=0.05),"[1.05368004e+01 3.10827667e+02 1.32520485e+01 1.81383469e+02
 1.76303062e+01 1.12484552e-01 1.25818844e+01 1.00983381e-02]",[0. 0. 0. 0. 0. 0. 0. 0.],13.25204213606057,10.176727913798905,0.5562422744128553,0.9521892348780705,0.4812304714735989,16.45959677349101,12.389705525331857,9.460909263914036,10.877260547803456,0.5647274910812052,0.03107637230084878,0.5124371532703615,0.09873353850753763,16.88129667675008,12.709545155317652,9.801479327646504,11.1215274528387,0.5716572272839202,0.04086091645204515,0.035968644376446965,0.03530322241027049,0.03563438019971208
0.001,64,"(<class 'keras.src.optimizers.adam.Adam'>, {'beta_1': 0.99, 'beta_2': 0.9995, 'epsilon': 1e-06, 'amsgrad': False, 'learning_rate': 0.001})",<class 'keras.src.optimizers.adam.Adam'>,"{'beta_1': 0.99, 'beta_2': 0.9995, 'epsilon': 1e-06, 'amsgrad': False, 'learning_rate': 0.001}","(<class '__main__.CustomLossWrapper'>, {'loss_function': <function custom_median_loss_scaled at 0x000001BAFB5578B0>, 'lambda_sign': 2.0})",<class '__main__.CustomLossWrapper'>,"{'loss_function': <function custom_median_loss_scaled at 0x000001BAFB5578B0>, 'lambda_sign': 2.0}","[(<class 'keras.src.metrics.regression_metrics.MeanSquaredError'>, {}), (<class 'keras.src.metrics.regression_metrics.MeanAbsoluteError'>, {}), (<class 'keras.src.metrics.regression_metrics.MeanAbsolutePercentageError'>, {}), (<class 'keras.src.metrics.regression_metrics.RootMeanSquaredError'>, {}), (<class 'keras.src.metrics.regression_metrics.CosineSimilarity'>, {}), (<class 'keras.src.metrics.regression_metrics.LogCoshError'>, {}), (<class 'tensorflow_addons.metrics.r_square.RSquare'>, {})]",200,"[{'nodes': 128, 'activation': 'softplus', 'l2_reg': 0.0001, 'l1_reg': 0.001}]",0.99,True,PCA(n_components=0.99),1,True,"{'enabled': True, 'contamination': 0.05, 'remove_outliers': False}",False,True,"{'method': <function cosine_annealing_50 at 0x000001BAC637EB80>, 'description': 'Cosine Annealing with 50 epochs cycle'}",True,0.4,val_root_mean_squared_error,<keras.src.engine.sequential.Sequential object at 0x000001BBBFB30730>,StandardScaler(),IsolationForest(contamination=0.05),"[1.05051966e+01 3.10813568e+02 1.32392035e+01 2.30211990e+02
 1.76299057e+01 1.25904992e-01 1.25701084e+01 1.01432204e-02]",[0. 0. 0. 0. 0. 0. 0. 0.],13.23920378134516,10.106323184561356,0.5629524986756136,0.9790639149930083,0.4193632774007492,16.580283862195337,12.441946062525256,9.401500836117222,11.002587106383084,0.5656458620324255,0.03716058976569091,0.7393743803059118,0.2557865944616708,17.002243483545037,12.806614425610972,9.918861575862564,11.206848642968,0.5684560453090372,0.029374293033763214,0.03326744139972706,0.032811842665298054,0.03303885671576526
0.001,64,"(<class 'keras.src.optimizers.adam.Adam'>, {'beta_1': 0.99, 'beta_2': 0.9995, 'epsilon': 1e-06, 'amsgrad': False, 'learning_rate': 0.001})",<class 'keras.src.optimizers.adam.Adam'>,"{'beta_1': 0.99, 'beta_2': 0.9995, 'epsilon': 1e-06, 'amsgrad': False, 'learning_rate': 0.001}","(<class '__main__.CustomLossWrapper'>, {'loss_function': <function custom_median_loss_scaled at 0x000001BAFB5578B0>, 'lambda_sign': 2.0})",<class '__main__.CustomLossWrapper'>,"{'loss_function': <function custom_median_loss_scaled at 0x000001BAFB5578B0>, 'lambda_sign': 2.0}","[(<class 'keras.src.metrics.regression_metrics.MeanSquaredError'>, {}), (<class 'keras.src.metrics.regression_metrics.MeanAbsoluteError'>, {}), (<class 'keras.src.metrics.regression_metrics.MeanAbsolutePercentageError'>, {}), (<class 'keras.src.metrics.regression_metrics.RootMeanSquaredError'>, {}), (<class 'keras.src.metrics.regression_metrics.CosineSimilarity'>, {}), (<class 'keras.src.metrics.regression_metrics.LogCoshError'>, {}), (<class 'tensorflow_addons.metrics.r_square.RSquare'>, {})]",200,"[{'nodes': 128, 'activation': 'softplus', 'l2_reg': 0.0001, 'l1_reg': 0.001}]",0.99,True,PCA(n_components=0.99),1,True,"{'enabled': True, 'contamination': 0.05, 'remove_outliers': False}",False,True,"{'method': <function cosine_annealing_50 at 0x000001BAC637EB80>, 'description': 'Cosine Annealing with 50 epochs cycle'}",True,0.5,val_root_mean_squared_error,<keras.src.engine.sequential.Sequential object at 0x000001BBC045F760>,StandardScaler(),IsolationForest(contamination=0.05),"[1.06724501e+01 3.12752045e+02 1.32991018e+01 1.91250305e+02
 1.76847973e+01 9.51792300e-02 1.26283827e+01 3.96972895e-03]",[0. 0. 0. 0. 0. 0. 0. 0.],13.299099509643034,10.18000091561882,0.5475896168108776,0.5943859775845178,0.09869335942059676,16.292244862054037,12.2653915176091,9.391547299724877,10.739897891389065,0.5562855427219102,0.038179964999157275,0.13853102941239212,-0.25615425975585393,16.866694189541793,12.715531842910334,9.908112533674444,11.081511926698159,0.5618074365919724,0.03042615736247241,0.034303061180814845,0.03386489669346919,0.034083274830304204
0.001,64,"(<class 'keras.src.optimizers.adam.Adam'>, {'beta_1': 0.99, 'beta_2': 0.9995, 'epsilon': 1e-06, 'amsgrad': False, 'learning_rate': 0.001})",<class 'keras.src.optimizers.adam.Adam'>,"{'beta_1': 0.99, 'beta_2': 0.9995, 'epsilon': 1e-06, 'amsgrad': False, 'learning_rate': 0.001}","(<class '__main__.CustomLossWrapper'>, {'loss_function': <function custom_median_loss_scaled at 0x000001BAFB5578B0>, 'lambda_sign': 2.0})",<class '__main__.CustomLossWrapper'>,"{'loss_function': <function custom_median_loss_scaled at 0x000001BAFB5578B0>, 'lambda_sign': 2.0}","[(<class 'keras.src.metrics.regression_metrics.MeanSquaredError'>, {}), (<class 'keras.src.metrics.regression_metrics.MeanAbsoluteError'>, {}), (<class 'keras.src.metrics.regression_metrics.MeanAbsolutePercentageError'>, {}), (<class 'keras.src.metrics.regression_metrics.RootMeanSquaredError'>, {}), (<class 'keras.src.metrics.regression_metrics.CosineSimilarity'>, {}), (<class 'keras.src.metrics.regression_metrics.LogCoshError'>, {}), (<class 'tensorflow_addons.metrics.r_square.RSquare'>, {})]",200,"[{'nodes': 128, 'activation': 'softplus', 'l2_reg': 0.0001, 'l1_reg': 0.001}]",0.99,True,PCA(n_components=0.99),1,True,"{'enabled': True, 'contamination': 0.05, 'remove_outliers': False}",False,True,"{'method': <function cosine_annealing_50 at 0x000001BAC637EB80>, 'description': 'Cosine Annealing with 50 epochs cycle'}",True,0.6,val_root_mean_squared_error,<keras.src.engine.sequential.Sequential object at 0x000001BBD5A9C670>,StandardScaler(),IsolationForest(contamination=0.05),"[1.06751690e+01 3.10598328e+02 1.32980242e+01 1.43902588e+02
 1.76238003e+01 1.05774328e-01 1.26284075e+01 1.08286738e-02]",[0. 0. 0. 0. 0. 0. 0. 0.],13.298028150672257,10.210410248301624,0.5528871622814763,0.2120566275765863,-0.26133173793229547,16.208854374423783,12.240560650608055,9.414246956800259,10.627102717524457,0.5573452015117799,0.03585521655611951,-0.11824651984126794,-0.5431589490670569,16.790912052798728,12.675315671517215,9.917919828946978,11.01205250754001,0.5586062546170893,0.02946644915054467,0.032660832853332086,0.03234840704084725,0.03250424457563447
0.001,64,"(<class 'keras.src.optimizers.adam.Adam'>, {'beta_1': 0.99, 'beta_2': 0.9995, 'epsilon': 1e-06, 'amsgrad': False, 'learning_rate': 0.001})",<class 'keras.src.optimizers.adam.Adam'>,"{'beta_1': 0.99, 'beta_2': 0.9995, 'epsilon': 1e-06, 'amsgrad': False, 'learning_rate': 0.001}","(<class '__main__.CustomLossWrapper'>, {'loss_function': <function custom_median_loss_scaled at 0x000001BAFB5578B0>, 'lambda_sign': 2.0})",<class '__main__.CustomLossWrapper'>,"{'loss_function': <function custom_median_loss_scaled at 0x000001BAFB5578B0>, 'lambda_sign': 2.0}","[(<class 'keras.src.metrics.regression_metrics.MeanSquaredError'>, {}), (<class 'keras.src.metrics.regression_metrics.MeanAbsoluteError'>, {}), (<class 'keras.src.metrics.regression_metrics.MeanAbsolutePercentageError'>, {}), (<class 'keras.src.metrics.regression_metrics.RootMeanSquaredError'>, {}), (<class 'keras.src.metrics.regression_metrics.CosineSimilarity'>, {}), (<class 'keras.src.metrics.regression_metrics.LogCoshError'>, {}), (<class 'tensorflow_addons.metrics.r_square.RSquare'>, {})]",200,"[{'nodes': 128, 'activation': 'softplus', 'l2_reg': 0.0001, 'l1_reg': 0.001}]",0.99,True,PCA(n_components=0.99),1,True,"{'enabled': True, 'contamination': 0.05, 'remove_outliers': False}",False,True,"{'method': <function cosine_annealing_50 at 0x000001BAC637EB80>, 'description': 'Cosine Annealing with 50 epochs cycle'}",True,0.7,val_root_mean_squared_error,<keras.src.engine.sequential.Sequential object at 0x000001BBDB331580>,StandardScaler(),IsolationForest(contamination=0.05),"[1.05215521e+01 3.12172699e+02 1.32628298e+01 2.83054352e+02
 1.76684093e+01 1.13544054e-01 1.25921221e+01 5.81473112e-03]",[0. 0. 0. 0. 0. 0. 0. 0.],13.262829360108167,10.154561867771974,0.5567720289599153,1.2240419494464576,0.6655662725349991,16.43395233888405,12.331586698101084,9.327062358964282,10.93159270515378,0.5638444420896471,0.044784085278804876,0.7626329726155016,0.367011938494736,16.979929010878134,12.736486510789046,9.808670983976397,11.254403853898703,0.5668554543215957,0.04015716567822179,0.04247062547851334,0.042344606702305936,0.04240756928059637
0.001,64,"(<class 'keras.src.optimizers.adam.Adam'>, {'beta_1': 0.99, 'beta_2': 0.9995, 'epsilon': 1e-06, 'amsgrad': False, 'learning_rate': 0.001})",<class 'keras.src.optimizers.adam.Adam'>,"{'beta_1': 0.99, 'beta_2': 0.9995, 'epsilon': 1e-06, 'amsgrad': False, 'learning_rate': 0.001}","(<class '__main__.CustomLossWrapper'>, {'loss_function': <function custom_median_loss_scaled at 0x000001BAFB5578B0>, 'lambda_sign': 2.0})",<class '__main__.CustomLossWrapper'>,"{'loss_function': <function custom_median_loss_scaled at 0x000001BAFB5578B0>, 'lambda_sign': 2.0}","[(<class 'keras.src.metrics.regression_metrics.MeanSquaredError'>, {}), (<class 'keras.src.metrics.regression_metrics.MeanAbsoluteError'>, {}), (<class 'keras.src.metrics.regression_metrics.MeanAbsolutePercentageError'>, {}), (<class 'keras.src.metrics.regression_metrics.RootMeanSquaredError'>, {}), (<class 'keras.src.metrics.regression_metrics.CosineSimilarity'>, {}), (<class 'keras.src.metrics.regression_metrics.LogCoshError'>, {}), (<class 'tensorflow_addons.metrics.r_square.RSquare'>, {})]",200,"[{'nodes': 128, 'activation': 'softplus', 'l2_reg': 0.0001, 'l1_reg': 0.001}]",0.99,True,PCA(n_components=0.99),1,True,"{'enabled': True, 'contamination': 0.05, 'remove_outliers': False}",False,True,"{'method': <function cosine_annealing_50 at 0x000001BAC637EB80>, 'description': 'Cosine Annealing with 50 epochs cycle'}",True,0.9,val_root_mean_squared_error,<keras.src.engine.sequential.Sequential object at 0x000001BBDC87F5B0>,StandardScaler(),IsolationForest(contamination=0.05),"[1.06240988e+01 3.11007141e+02 1.32725391e+01 2.12618332e+02
 1.76353951e+01 1.16016246e-01 1.26040115e+01 9.52666998e-03]",[0. 0. 0. 0. 0. 0. 0. 0.],13.272538270551543,10.271650860473446,0.5580081229030549,0.7374953665929677,0.24751685097150766,16.20605061875182,12.235692690829627,9.472503828201237,10.651879240158483,0.563173324856063,0.029888933865772006,0.4701332363376933,-0.08981151994599636,16.7846700657692,12.672471747336848,9.91067203354344,11.015211602967355,0.5648854961832062,0.030175693501189222,0.030032313683480614,0.030031629161723722,0.030031971420651872
0.001,64,"(<class 'keras.src.optimizers.adam.Adam'>, {'beta_1': 0.99, 'beta_2': 0.9995, 'epsilon': 1e-06, 'amsgrad': False, 'learning_rate': 0.001})",<class 'keras.src.optimizers.adam.Adam'>,"{'beta_1': 0.99, 'beta_2': 0.9995, 'epsilon': 1e-06, 'amsgrad': False, 'learning_rate': 0.001}","(<class '__main__.CustomLossWrapper'>, {'loss_function': <function custom_median_loss_scaled at 0x000001BAFB5578B0>, 'lambda_sign': 2.0})",<class '__main__.CustomLossWrapper'>,"{'loss_function': <function custom_median_loss_scaled at 0x000001BAFB5578B0>, 'lambda_sign': 2.0}","[(<class 'keras.src.metrics.regression_metrics.MeanSquaredError'>, {}), (<class 'keras.src.metrics.regression_metrics.MeanAbsoluteError'>, {}), (<class 'keras.src.metrics.regression_metrics.MeanAbsolutePercentageError'>, {}), (<class 'keras.src.metrics.regression_metrics.RootMeanSquaredError'>, {}), (<class 'keras.src.metrics.regression_metrics.CosineSimilarity'>, {}), (<class 'keras.src.metrics.regression_metrics.LogCoshError'>, {}), (<class 'tensorflow_addons.metrics.r_square.RSquare'>, {})]",200,"[{'nodes': 128, 'activation': 'softplus', 'l2_reg': 0.0001, 'l1_reg': 0.001}]",0.99,True,PCA(n_components=0.99),1,True,"{'enabled': True, 'contamination': 0.05, 'remove_outliers': False}",False,True,"{'method': <function cosine_annealing_50 at 0x000001BAC637EB80>, 'description': 'Cosine Annealing with 50 epochs cycle'}",True,0.9,val_root_mean_squared_error,<keras.src.engine.sequential.Sequential object at 0x000001BBB9983F10>,StandardScaler(),IsolationForest(contamination=0.05),"[1.06375504e+01 3.11161682e+02 1.32794638e+01 2.65190216e+02
 1.76397762e+01 1.08599685e-01 1.26093559e+01 9.03457403e-03]",[0. 0. 0. 0. 0. 0. 0. 0.],13.27946103886684,10.209608735112615,0.5542998410736358,0.9018108336626974,0.41031052819089964,16.216743314662608,12.234187502881914,9.433163116572668,10.682482125963801,0.5614425488326092,0.033917948832949615,0.5214439889589457,0.051011003130110144,16.783203410136718,12.664410910177775,9.823667019688102,11.02455444091136,0.5687022900763359,0.03868970515837888,0.03630382699566424,0.03614702769712202,0.03622534250940633
0.001,64,"(<class 'keras.src.optimizers.adam.Adam'>, {'beta_1': 0.99, 'beta_2': 0.9995, 'epsilon': 1e-06, 'amsgrad': False, 'learning_rate': 0.001})",<class 'keras.src.optimizers.adam.Adam'>,"{'beta_1': 0.99, 'beta_2': 0.9995, 'epsilon': 1e-06, 'amsgrad': False, 'learning_rate': 0.001}","(<class '__main__.CustomLossWrapper'>, {'loss_function': <function custom_median_loss_scaled at 0x000001BAFB5578B0>, 'lambda_sign': 1.0})",<class '__main__.CustomLossWrapper'>,"{'loss_function': <function custom_median_loss_scaled at 0x000001BAFB5578B0>, 'lambda_sign': 1.0}","[(<class 'keras.src.metrics.regression_metrics.MeanSquaredError'>, {}), (<class 'keras.src.metrics.regression_metrics.MeanAbsoluteError'>, {}), (<class 'keras.src.metrics.regression_metrics.MeanAbsolutePercentageError'>, {}), (<class 'keras.src.metrics.regression_metrics.RootMeanSquaredError'>, {}), (<class 'keras.src.metrics.regression_metrics.CosineSimilarity'>, {}), (<class 'keras.src.metrics.regression_metrics.LogCoshError'>, {}), (<class 'tensorflow_addons.metrics.r_square.RSquare'>, {})]",200,"[{'nodes': 128, 'activation': 'softplus', 'l2_reg': 0.0001, 'l1_reg': 0.001}]",0.99,True,PCA(n_components=0.99),1,True,"{'enabled': True, 'contamination': 0.05, 'remove_outliers': False}",False,True,"{'method': <function cosine_annealing_50 at 0x000001BAC637EB80>, 'description': 'Cosine Annealing with 50 epochs cycle'}",False,,val_root_mean_squared_error,<keras.src.engine.sequential.Sequential object at 0x000001BAFEF05880>,StandardScaler(),IsolationForest(contamination=0.05),"[ 1.06850920e+01  3.14979736e+02  1.33524036e+01  1.97505783e+02
  1.77476692e+01  7.92865977e-02  1.26834688e+01 -3.12495232e-03]",[0. 0. 0. 0. 0. 0. 0. 0.],13.35240409750754,10.351642261811557,0.5396432986049797,1.0178781553990617,0.4729695214803229,16.363392039813704,12.35540376952876,9.53714904063424,10.776609716311217,0.5433577054855003,0.023268399623584932,0.8085941547785037,0.35002722338605985,16.922881757433956,12.786579423319454,9.970674697385085,11.114004052239453,0.5456784043339079,0.024304039020912844,0.023786219322248888,0.023774946524470823,0.02378058225539909
0.001,64,"(<class 'keras.src.optimizers.adam.Adam'>, {'beta_1': 0.99, 'beta_2': 0.9995, 'epsilon': 1e-06, 'amsgrad': False, 'learning_rate': 0.001})",<class 'keras.src.optimizers.adam.Adam'>,"{'beta_1': 0.99, 'beta_2': 0.9995, 'epsilon': 1e-06, 'amsgrad': False, 'learning_rate': 0.001}","(<class '__main__.CustomLossWrapper'>, {'loss_function': <function custom_median_loss_scaled at 0x000001BAFB5578B0>, 'lambda_sign': 1.0})",<class '__main__.CustomLossWrapper'>,"{'loss_function': <function custom_median_loss_scaled at 0x000001BAFB5578B0>, 'lambda_sign': 1.0}","[(<class 'keras.src.metrics.regression_metrics.MeanSquaredError'>, {}), (<class 'keras.src.metrics.regression_metrics.MeanAbsoluteError'>, {}), (<class 'keras.src.metrics.regression_metrics.MeanAbsolutePercentageError'>, {}), (<class 'keras.src.metrics.regression_metrics.RootMeanSquaredError'>, {}), (<class 'keras.src.metrics.regression_metrics.CosineSimilarity'>, {}), (<class 'keras.src.metrics.regression_metrics.LogCoshError'>, {}), (<class 'tensorflow_addons.metrics.r_square.RSquare'>, {})]",200,"[{'nodes': 128, 'activation': 'softplus', 'l2_reg': 0.0001, 'l1_reg': 0.001}]",0.99,True,PCA(n_components=0.99),1,True,"{'enabled': True, 'contamination': 0.05, 'remove_outliers': False}",False,True,"{'method': <function cosine_annealing_50 at 0x000001BAC637EB80>, 'description': 'Cosine Annealing with 50 epochs cycle'}",True,0.1,val_root_mean_squared_error,<keras.src.engine.sequential.Sequential object at 0x000001BAEB412760>,StandardScaler(),IsolationForest(contamination=0.05),"[1.05387077e+01 3.11698822e+02 1.33013573e+01 2.44436981e+02
 1.76549950e+01 7.92865977e-02 1.26313543e+01 7.32392073e-03]",[0. 0. 0. 0. 0. 0. 0. 0.],13.301358900581347,10.174247982280557,0.5396432986049797,0.15519810801664777,-0.27815210013396285,16.304343912666294,12.283153584946943,9.434970767348432,10.722617512309494,0.5550845960933912,0.03373282122011578,-0.12473500752040992,-0.49854619605154216,16.86730392075148,12.726281836866967,9.849877809370216,11.069928173228613,0.5530657473528687,0.03612480735526249,0.03492881428768914,0.03488786244186058,0.034908332359569874
0.001,64,"(<class 'keras.src.optimizers.adam.Adam'>, {'beta_1': 0.99, 'beta_2': 0.9995, 'epsilon': 1e-06, 'amsgrad': False, 'learning_rate': 0.001})",<class 'keras.src.optimizers.adam.Adam'>,"{'beta_1': 0.99, 'beta_2': 0.9995, 'epsilon': 1e-06, 'amsgrad': False, 'learning_rate': 0.001}","(<class '__main__.CustomLossWrapper'>, {'loss_function': <function custom_median_loss_scaled at 0x000001BAFB5578B0>, 'lambda_sign': 1.0})",<class '__main__.CustomLossWrapper'>,"{'loss_function': <function custom_median_loss_scaled at 0x000001BAFB5578B0>, 'lambda_sign': 1.0}","[(<class 'keras.src.metrics.regression_metrics.MeanSquaredError'>, {}), (<class 'keras.src.metrics.regression_metrics.MeanAbsoluteError'>, {}), (<class 'keras.src.metrics.regression_metrics.MeanAbsolutePercentageError'>, {}), (<class 'keras.src.metrics.regression_metrics.RootMeanSquaredError'>, {}), (<class 'keras.src.metrics.regression_metrics.CosineSimilarity'>, {}), (<class 'keras.src.metrics.regression_metrics.LogCoshError'>, {}), (<class 'tensorflow_addons.metrics.r_square.RSquare'>, {})]",200,"[{'nodes': 128, 'activation': 'softplus', 'l2_reg': 0.0001, 'l1_reg': 0.001}]",0.99,True,PCA(n_components=0.99),1,True,"{'enabled': True, 'contamination': 0.05, 'remove_outliers': False}",False,True,"{'method': <function cosine_annealing_50 at 0x000001BAC637EB80>, 'description': 'Cosine Annealing with 50 epochs cycle'}",True,0.2,val_root_mean_squared_error,<keras.src.engine.sequential.Sequential object at 0x000001BBB9F6A610>,StandardScaler(),IsolationForest(contamination=0.05),"[1.05640821e+01 3.10926239e+02 1.32622089e+01 2.10827255e+02
 1.76331005e+01 1.12131380e-01 1.25931435e+01 9.78434086e-03]",[0. 0. 0. 0. 0. 0. 0. 0.],13.262208452546757,10.255553171894725,0.5560656895638354,1.2030709360906588,0.7374402729032408,16.240523737409124,12.277075014220864,9.44252365075125,10.699072250339523,0.5568506940765073,0.03295930495628687,0.8584516284558267,0.4457008966078869,16.82915516604993,12.714997223885097,9.908184559307237,11.057415220288604,0.5542969711893623,0.030419109181568302,0.03168920706892758,0.03163830176732236,0.03166374418817042
0.001,64,"(<class 'keras.src.optimizers.adam.Adam'>, {'beta_1': 0.99, 'beta_2': 0.9995, 'epsilon': 1e-06, 'amsgrad': False, 'learning_rate': 0.001})",<class 'keras.src.optimizers.adam.Adam'>,"{'beta_1': 0.99, 'beta_2': 0.9995, 'epsilon': 1e-06, 'amsgrad': False, 'learning_rate': 0.001}","(<class '__main__.CustomLossWrapper'>, {'loss_function': <function custom_median_loss_scaled at 0x000001BAFB5578B0>, 'lambda_sign': 1.0})",<class '__main__.CustomLossWrapper'>,"{'loss_function': <function custom_median_loss_scaled at 0x000001BAFB5578B0>, 'lambda_sign': 1.0}","[(<class 'keras.src.metrics.regression_metrics.MeanSquaredError'>, {}), (<class 'keras.src.metrics.regression_metrics.MeanAbsoluteError'>, {}), (<class 'keras.src.metrics.regression_metrics.MeanAbsolutePercentageError'>, {}), (<class 'keras.src.metrics.regression_metrics.RootMeanSquaredError'>, {}), (<class 'keras.src.metrics.regression_metrics.CosineSimilarity'>, {}), (<class 'keras.src.metrics.regression_metrics.LogCoshError'>, {}), (<class 'tensorflow_addons.metrics.r_square.RSquare'>, {})]",200,"[{'nodes': 128, 'activation': 'softplus', 'l2_reg': 0.0001, 'l1_reg': 0.001}]",0.99,True,PCA(n_components=0.99),1,True,"{'enabled': True, 'contamination': 0.05, 'remove_outliers': False}",False,True,"{'method': <function cosine_annealing_50 at 0x000001BAC637EB80>, 'description': 'Cosine Annealing with 50 epochs cycle'}",True,0.3,val_root_mean_squared_error,<keras.src.engine.sequential.Sequential object at 0x000001BB246530A0>,StandardScaler(),IsolationForest(contamination=0.05),"[1.05626373e+01 3.12300110e+02 1.33069239e+01 3.14266205e+02
 1.76720142e+01 1.04008473e-01 1.26375608e+01 5.40900230e-03]",[0. 0. 0. 0. 0. 0. 0. 0.],13.306925437932335,10.26250487715593,0.5520042380363764,-0.23801885235582346,-0.6698498462874434,16.32518444945477,12.28612927227728,9.453040803362658,10.752394979119774,0.5561442548832609,0.03188220788484796,-0.7783581632438386,-1.172402778389318,16.88818378147147,12.711118152341452,9.976796172447752,11.14559317138907,0.5579906426988427,0.023705012508148906,0.027793610196498432,0.027192154288504047,0.027491237453008997
0.001,64,"(<class 'keras.src.optimizers.adam.Adam'>, {'beta_1': 0.99, 'beta_2': 0.9995, 'epsilon': 1e-06, 'amsgrad': False, 'learning_rate': 0.001})",<class 'keras.src.optimizers.adam.Adam'>,"{'beta_1': 0.99, 'beta_2': 0.9995, 'epsilon': 1e-06, 'amsgrad': False, 'learning_rate': 0.001}","(<class '__main__.CustomLossWrapper'>, {'loss_function': <function custom_median_loss_scaled at 0x000001BAFB5578B0>, 'lambda_sign': 1.0})",<class '__main__.CustomLossWrapper'>,"{'loss_function': <function custom_median_loss_scaled at 0x000001BAFB5578B0>, 'lambda_sign': 1.0}","[(<class 'keras.src.metrics.regression_metrics.MeanSquaredError'>, {}), (<class 'keras.src.metrics.regression_metrics.MeanAbsoluteError'>, {}), (<class 'keras.src.metrics.regression_metrics.MeanAbsolutePercentageError'>, {}), (<class 'keras.src.metrics.regression_metrics.RootMeanSquaredError'>, {}), (<class 'keras.src.metrics.regression_metrics.CosineSimilarity'>, {}), (<class 'keras.src.metrics.regression_metrics.LogCoshError'>, {}), (<class 'tensorflow_addons.metrics.r_square.RSquare'>, {})]",200,"[{'nodes': 128, 'activation': 'softplus', 'l2_reg': 0.0001, 'l1_reg': 0.001}]",0.99,True,PCA(n_components=0.99),1,True,"{'enabled': True, 'contamination': 0.05, 'remove_outliers': False}",False,True,"{'method': <function cosine_annealing_50 at 0x000001BAC637EB80>, 'description': 'Cosine Annealing with 50 epochs cycle'}",True,0.4,val_root_mean_squared_error,<keras.src.engine.sequential.Sequential object at 0x000001BAF4E98610>,StandardScaler(),IsolationForest(contamination=0.05),"[1.05395269e+01 3.11371155e+02 1.32641459e+01 2.86844025e+02
 1.76457119e+01 1.18135266e-01 1.25953379e+01 8.36741924e-03]",[0. 0. 0. 0. 0. 0. 0. 0.],13.264143998825444,10.142316330203968,0.5590676319971747,0.34840525901368957,-0.039248987951381764,16.27309887605639,12.250445678250772,9.387855220166479,10.717108619020578,0.559994348486454,0.03855808331946733,-0.08829237188389402,-0.34901323563634,16.82295314990583,12.676030069524439,9.873882370450128,11.059747958636803,0.5668554543215957,0.03377580350130188,0.03616694341038461,0.036008855678172025,0.036087812978693436
0.001,64,"(<class 'keras.src.optimizers.adam.Adam'>, {'beta_1': 0.99, 'beta_2': 0.9995, 'epsilon': 1e-06, 'amsgrad': False, 'learning_rate': 0.001})",<class 'keras.src.optimizers.adam.Adam'>,"{'beta_1': 0.99, 'beta_2': 0.9995, 'epsilon': 1e-06, 'amsgrad': False, 'learning_rate': 0.001}","(<class '__main__.CustomLossWrapper'>, {'loss_function': <function custom_median_loss_scaled at 0x000001BAFB5578B0>, 'lambda_sign': 1.0})",<class '__main__.CustomLossWrapper'>,"{'loss_function': <function custom_median_loss_scaled at 0x000001BAFB5578B0>, 'lambda_sign': 1.0}","[(<class 'keras.src.metrics.regression_metrics.MeanSquaredError'>, {}), (<class 'keras.src.metrics.regression_metrics.MeanAbsoluteError'>, {}), (<class 'keras.src.metrics.regression_metrics.MeanAbsolutePercentageError'>, {}), (<class 'keras.src.metrics.regression_metrics.RootMeanSquaredError'>, {}), (<class 'keras.src.metrics.regression_metrics.CosineSimilarity'>, {}), (<class 'keras.src.metrics.regression_metrics.LogCoshError'>, {}), (<class 'tensorflow_addons.metrics.r_square.RSquare'>, {})]",200,"[{'nodes': 128, 'activation': 'softplus', 'l2_reg': 0.0001, 'l1_reg': 0.001}]",0.99,True,PCA(n_components=0.99),1,True,"{'enabled': True, 'contamination': 0.05, 'remove_outliers': False}",False,True,"{'method': <function cosine_annealing_50 at 0x000001BAC637EB80>, 'description': 'Cosine Annealing with 50 epochs cycle'}",True,0.5,val_root_mean_squared_error,<keras.src.engine.sequential.Sequential object at 0x000001BB08636700>,StandardScaler(),IsolationForest(contamination=0.05),"[1.05854378e+01 3.11240692e+02 1.33169060e+01 1.99032928e+02
 1.76420155e+01 9.12943706e-02 1.26444530e+01 8.78286362e-03]",[0. 0. 0. 0. 0. 0. 0. 0.],13.316909717866679,10.258099296603191,0.5456471834716581,-0.25521108223470257,-0.7390383656581472,16.23770558873427,12.25216583778711,9.436400899689382,10.658674753628752,0.5598177386881424,0.03358635654349445,-0.6136849392503928,-1.0601049230405706,16.813828701964415,12.693514661270894,9.813583205676728,11.042478714803897,0.560945579906427,0.03967647254381389,0.036631414543654164,0.03637828813999628,0.036504631942326185
0.001,64,"(<class 'keras.src.optimizers.adam.Adam'>, {'beta_1': 0.99, 'beta_2': 0.9995, 'epsilon': 1e-06, 'amsgrad': False, 'learning_rate': 0.001})",<class 'keras.src.optimizers.adam.Adam'>,"{'beta_1': 0.99, 'beta_2': 0.9995, 'epsilon': 1e-06, 'amsgrad': False, 'learning_rate': 0.001}","(<class '__main__.CustomLossWrapper'>, {'loss_function': <function custom_median_loss_scaled at 0x000001BAFB5578B0>, 'lambda_sign': 1.0})",<class '__main__.CustomLossWrapper'>,"{'loss_function': <function custom_median_loss_scaled at 0x000001BAFB5578B0>, 'lambda_sign': 1.0}","[(<class 'keras.src.metrics.regression_metrics.MeanSquaredError'>, {}), (<class 'keras.src.metrics.regression_metrics.MeanAbsoluteError'>, {}), (<class 'keras.src.metrics.regression_metrics.MeanAbsolutePercentageError'>, {}), (<class 'keras.src.metrics.regression_metrics.RootMeanSquaredError'>, {}), (<class 'keras.src.metrics.regression_metrics.CosineSimilarity'>, {}), (<class 'keras.src.metrics.regression_metrics.LogCoshError'>, {}), (<class 'tensorflow_addons.metrics.r_square.RSquare'>, {})]",200,"[{'nodes': 128, 'activation': 'softplus', 'l2_reg': 0.0001, 'l1_reg': 0.001}]",0.99,True,PCA(n_components=0.99),1,True,"{'enabled': True, 'contamination': 0.05, 'remove_outliers': False}",False,True,"{'method': <function cosine_annealing_50 at 0x000001BAC637EB80>, 'description': 'Cosine Annealing with 50 epochs cycle'}",True,0.6,val_root_mean_squared_error,<keras.src.engine.sequential.Sequential object at 0x000001BB179947F0>,StandardScaler(),IsolationForest(contamination=0.05),"[1.05440836e+01 3.11162781e+02 1.32654142e+01 1.60779434e+02
 1.76398067e+01 1.12484552e-01 1.25956039e+01 9.03111696e-03]",[0. 0. 0. 0. 0. 0. 0. 0.],13.265416250737193,10.195454840073333,0.5562422744128553,1.1562823758575964,0.6931628546209065,16.24074588155933,12.255206921500564,9.38830375077365,10.719303198628255,0.5549786302144043,0.038512147787172143,0.69628076106523,0.3527245302196461,16.791978856814968,12.662114126388465,9.791014012907983,11.05018297759286,0.5704260034474268,0.04188501618758543,0.04019858198737879,0.04012783172279185,0.04016319127614721
0.001,64,"(<class 'keras.src.optimizers.adam.Adam'>, {'beta_1': 0.99, 'beta_2': 0.9995, 'epsilon': 1e-06, 'amsgrad': False, 'learning_rate': 0.001})",<class 'keras.src.optimizers.adam.Adam'>,"{'beta_1': 0.99, 'beta_2': 0.9995, 'epsilon': 1e-06, 'amsgrad': False, 'learning_rate': 0.001}","(<class '__main__.CustomLossWrapper'>, {'loss_function': <function custom_median_loss_scaled at 0x000001BAFB5578B0>, 'lambda_sign': 1.0})",<class '__main__.CustomLossWrapper'>,"{'loss_function': <function custom_median_loss_scaled at 0x000001BAFB5578B0>, 'lambda_sign': 1.0}","[(<class 'keras.src.metrics.regression_metrics.MeanSquaredError'>, {}), (<class 'keras.src.metrics.regression_metrics.MeanAbsoluteError'>, {}), (<class 'keras.src.metrics.regression_metrics.MeanAbsolutePercentageError'>, {}), (<class 'keras.src.metrics.regression_metrics.RootMeanSquaredError'>, {}), (<class 'keras.src.metrics.regression_metrics.CosineSimilarity'>, {}), (<class 'keras.src.metrics.regression_metrics.LogCoshError'>, {}), (<class 'tensorflow_addons.metrics.r_square.RSquare'>, {})]",200,"[{'nodes': 128, 'activation': 'softplus', 'l2_reg': 0.0001, 'l1_reg': 0.001}]",0.99,True,PCA(n_components=0.99),1,True,"{'enabled': True, 'contamination': 0.05, 'remove_outliers': False}",False,True,"{'method': <function cosine_annealing_50 at 0x000001BAC637EB80>, 'description': 'Cosine Annealing with 50 epochs cycle'}",True,0.7,val_root_mean_squared_error,<keras.src.engine.sequential.Sequential object at 0x000001BB17BBAB50>,StandardScaler(),IsolationForest(contamination=0.05),"[1.04724445e+01 3.10168457e+02 1.32542543e+01 1.88605331e+02
 1.76116009e+01 1.13190889e-01 1.25821342e+01 1.21976733e-02]",[0. 0. 0. 0. 0. 0. 0. 0.],13.254254523068031,10.125021057409137,0.5565954441108952,0.2635670744384243,-0.2800001988195647,16.280840209683888,12.234005119882449,9.344160852974786,10.745187753637643,0.5626081735014659,0.043032970836978365,-0.026286467174673873,-0.4674023824879649,16.790450281369,12.621476077011415,9.750339287775038,11.07242689463,0.5678404333907905,0.04586530500761453,0.04444913792229645,0.044404018279772806,0.04442657237309439
0.001,64,"(<class 'keras.src.optimizers.adam.Adam'>, {'beta_1': 0.99, 'beta_2': 0.9995, 'epsilon': 1e-06, 'amsgrad': False, 'learning_rate': 0.001})",<class 'keras.src.optimizers.adam.Adam'>,"{'beta_1': 0.99, 'beta_2': 0.9995, 'epsilon': 1e-06, 'amsgrad': False, 'learning_rate': 0.001}","(<class '__main__.CustomLossWrapper'>, {'loss_function': <function custom_median_loss_scaled at 0x000001BAFB5578B0>, 'lambda_sign': 1.0})",<class '__main__.CustomLossWrapper'>,"{'loss_function': <function custom_median_loss_scaled at 0x000001BAFB5578B0>, 'lambda_sign': 1.0}","[(<class 'keras.src.metrics.regression_metrics.MeanSquaredError'>, {}), (<class 'keras.src.metrics.regression_metrics.MeanAbsoluteError'>, {}), (<class 'keras.src.metrics.regression_metrics.MeanAbsolutePercentageError'>, {}), (<class 'keras.src.metrics.regression_metrics.RootMeanSquaredError'>, {}), (<class 'keras.src.metrics.regression_metrics.CosineSimilarity'>, {}), (<class 'keras.src.metrics.regression_metrics.LogCoshError'>, {}), (<class 'tensorflow_addons.metrics.r_square.RSquare'>, {})]",200,"[{'nodes': 128, 'activation': 'softplus', 'l2_reg': 0.0001, 'l1_reg': 0.001}]",0.99,True,PCA(n_components=0.99),1,True,"{'enabled': True, 'contamination': 0.05, 'remove_outliers': False}",False,True,"{'method': <function cosine_annealing_50 at 0x000001BAC637EB80>, 'description': 'Cosine Annealing with 50 epochs cycle'}",True,0.9,val_root_mean_squared_error,<keras.src.engine.sequential.Sequential object at 0x000001BB3A4D0940>,StandardScaler(),IsolationForest(contamination=0.05),"[1.05511341e+01 3.10859497e+02 1.32739754e+01 1.83114334e+02
 1.76312084e+01 1.02242626e-01 1.26038017e+01 9.99689102e-03]",[0. 0. 0. 0. 0. 0. 0. 0.],13.273980449404432,10.244988069240057,0.5511213137912767,0.35645166014465474,-0.17108848091207274,16.216018131259094,12.21985907073535,9.40051096482513,10.665649345559178,0.5618310903888948,0.03726196582337563,0.02333906848562365,-0.3599746557206195,16.77843621275118,12.649772609332103,9.83239669895811,11.021797284808367,0.5626692932775178,0.03783544874515706,0.03754870728426635,0.037546517577313955,0.037547612414827694
0.001,64,"(<class 'keras.src.optimizers.adam.Adam'>, {'beta_1': 0.99, 'beta_2': 0.9995, 'epsilon': 1e-06, 'amsgrad': False, 'learning_rate': 0.001})",<class 'keras.src.optimizers.adam.Adam'>,"{'beta_1': 0.99, 'beta_2': 0.9995, 'epsilon': 1e-06, 'amsgrad': False, 'learning_rate': 0.001}","(<class '__main__.CustomLossWrapper'>, {'loss_function': <function custom_median_loss_scaled at 0x000001BAFB5578B0>, 'lambda_sign': 1.0})",<class '__main__.CustomLossWrapper'>,"{'loss_function': <function custom_median_loss_scaled at 0x000001BAFB5578B0>, 'lambda_sign': 1.0}","[(<class 'keras.src.metrics.regression_metrics.MeanSquaredError'>, {}), (<class 'keras.src.metrics.regression_metrics.MeanAbsoluteError'>, {}), (<class 'keras.src.metrics.regression_metrics.MeanAbsolutePercentageError'>, {}), (<class 'keras.src.metrics.regression_metrics.RootMeanSquaredError'>, {}), (<class 'keras.src.metrics.regression_metrics.CosineSimilarity'>, {}), (<class 'keras.src.metrics.regression_metrics.LogCoshError'>, {}), (<class 'tensorflow_addons.metrics.r_square.RSquare'>, {})]",200,"[{'nodes': 128, 'activation': 'softplus', 'l2_reg': 0.0001, 'l1_reg': 0.001}]",0.99,True,PCA(n_components=0.99),1,True,"{'enabled': True, 'contamination': 0.05, 'remove_outliers': False}",False,True,"{'method': <function cosine_annealing_50 at 0x000001BAC637EB80>, 'description': 'Cosine Annealing with 50 epochs cycle'}",True,0.9,val_root_mean_squared_error,<keras.src.engine.sequential.Sequential object at 0x000001BBB8A1E8B0>,StandardScaler(),IsolationForest(contamination=0.05),"[1.05573702e+01 3.11577667e+02 1.32651920e+01 2.79612213e+02
 1.76515636e+01 1.16016246e-01 1.25959520e+01 7.70980120e-03]",[0. 0. 0. 0. 0. 0. 0. 0.],13.265192105335267,10.20452343589286,0.5580081229030549,0.7650764049918786,0.2765231753937947,16.2183057422862,12.208470847228766,9.38899185381576,10.703587178822078,0.5627141393804528,0.03844167683377919,0.4362917994513388,-0.10781477459779032,16.80681679436132,12.657442534384144,9.827084857255805,11.064758707295631,0.5671016990888944,0.038355247319636535,0.038398462076707864,0.03839841344155094,0.038398437759121704
0.001,64,"(<class 'keras.src.optimizers.adam.Adam'>, {'beta_1': 0.85, 'beta_2': 0.95, 'epsilon': 1e-08, 'amsgrad': False, 'learning_rate': 0.001})",<class 'keras.src.optimizers.adam.Adam'>,"{'beta_1': 0.85, 'beta_2': 0.95, 'epsilon': 1e-08, 'amsgrad': False, 'learning_rate': 0.001}","(<class '__main__.CustomLossWrapper'>, {'loss_function': <function custom_median_loss_scaled at 0x000001BAFB5578B0>, 'lambda_sign': 2.0})",<class '__main__.CustomLossWrapper'>,"{'loss_function': <function custom_median_loss_scaled at 0x000001BAFB5578B0>, 'lambda_sign': 2.0}","[(<class 'keras.src.metrics.regression_metrics.MeanSquaredError'>, {}), (<class 'keras.src.metrics.regression_metrics.MeanAbsoluteError'>, {}), (<class 'keras.src.metrics.regression_metrics.MeanAbsolutePercentageError'>, {}), (<class 'keras.src.metrics.regression_metrics.RootMeanSquaredError'>, {}), (<class 'keras.src.metrics.regression_metrics.CosineSimilarity'>, {}), (<class 'keras.src.metrics.regression_metrics.LogCoshError'>, {}), (<class 'tensorflow_addons.metrics.r_square.RSquare'>, {})]",200,"[{'nodes': 128, 'activation': 'softplus', 'l2_reg': 0.0001, 'l1_reg': 0.001}]",0.99,True,PCA(n_components=0.99),1,True,"{'enabled': True, 'contamination': 0.05, 'remove_outliers': False}",False,True,"{'method': <function cosine_annealing_50 at 0x000001BAC637EB80>, 'description': 'Cosine Annealing with 50 epochs cycle'}",False,,val_root_mean_squared_error,<keras.src.engine.sequential.Sequential object at 0x000001BBB8E76940>,StandardScaler(),IsolationForest(contamination=0.05),"[1.06100998e+01 3.13797516e+02 1.33576975e+01 1.86984879e+02
 1.77143307e+01 8.84690061e-02 1.26860209e+01 6.40213490e-04]",[0. 0. 0. 0. 0. 0. 0. 0.],13.357692047082976,10.209927514465349,0.5442345046794985,-0.08550799983797666,-0.6034908234468048,16.595217303386377,12.510114533394898,9.62010331478483,10.90413019903736,0.5575571332697538,0.014772772617657307,-0.3165290406232684,-0.7710895548236318,17.096756405773057,12.899014363300912,10.169904789660862,11.224714822073631,0.5547894607239596,0.004808066858673296,0.009790419738165301,0.007254896146769802,0.008427839487892164
0.001,64,"(<class 'keras.src.optimizers.adam.Adam'>, {'beta_1': 0.85, 'beta_2': 0.95, 'epsilon': 1e-08, 'amsgrad': False, 'learning_rate': 0.001})",<class 'keras.src.optimizers.adam.Adam'>,"{'beta_1': 0.85, 'beta_2': 0.95, 'epsilon': 1e-08, 'amsgrad': False, 'learning_rate': 0.001}","(<class '__main__.CustomLossWrapper'>, {'loss_function': <function custom_median_loss_scaled at 0x000001BAFB5578B0>, 'lambda_sign': 2.0})",<class '__main__.CustomLossWrapper'>,"{'loss_function': <function custom_median_loss_scaled at 0x000001BAFB5578B0>, 'lambda_sign': 2.0}","[(<class 'keras.src.metrics.regression_metrics.MeanSquaredError'>, {}), (<class 'keras.src.metrics.regression_metrics.MeanAbsoluteError'>, {}), (<class 'keras.src.metrics.regression_metrics.MeanAbsolutePercentageError'>, {}), (<class 'keras.src.metrics.regression_metrics.RootMeanSquaredError'>, {}), (<class 'keras.src.metrics.regression_metrics.CosineSimilarity'>, {}), (<class 'keras.src.metrics.regression_metrics.LogCoshError'>, {}), (<class 'tensorflow_addons.metrics.r_square.RSquare'>, {})]",200,"[{'nodes': 128, 'activation': 'softplus', 'l2_reg': 0.0001, 'l1_reg': 0.001}]",0.99,True,PCA(n_components=0.99),1,True,"{'enabled': True, 'contamination': 0.05, 'remove_outliers': False}",False,True,"{'method': <function cosine_annealing_50 at 0x000001BAC637EB80>, 'description': 'Cosine Annealing with 50 epochs cycle'}",True,0.1,val_root_mean_squared_error,<keras.src.engine.sequential.Sequential object at 0x000001BBD6BF1D30>,StandardScaler(),IsolationForest(contamination=0.05),"[1.04730034e+01 3.10155182e+02 1.32298222e+01 3.61771912e+02
 1.76112232e+01 1.06833830e-01 1.25614309e+01 1.22399330e-02]",[0. 0. 0. 0. 0. 0. 0. 0.],13.2298265260902,10.193686774752239,0.5534169168285361,1.5105806444605039,1.167083832176767,16.30159593004069,12.311827205902208,9.37247672172859,10.790621894677843,0.5601356363251033,0.040133047213459914,1.2412341268628633,0.8831336801426289,16.844039212139755,12.714945223662452,9.870111828852377,11.116328943686847,0.5674710662398424,0.034144775744333146,0.03713891147889653,0.03689752452273645,0.0370180212469592
0.001,64,"(<class 'keras.src.optimizers.adam.Adam'>, {'beta_1': 0.85, 'beta_2': 0.95, 'epsilon': 1e-08, 'amsgrad': False, 'learning_rate': 0.001})",<class 'keras.src.optimizers.adam.Adam'>,"{'beta_1': 0.85, 'beta_2': 0.95, 'epsilon': 1e-08, 'amsgrad': False, 'learning_rate': 0.001}","(<class '__main__.CustomLossWrapper'>, {'loss_function': <function custom_median_loss_scaled at 0x000001BAFB5578B0>, 'lambda_sign': 2.0})",<class '__main__.CustomLossWrapper'>,"{'loss_function': <function custom_median_loss_scaled at 0x000001BAFB5578B0>, 'lambda_sign': 2.0}","[(<class 'keras.src.metrics.regression_metrics.MeanSquaredError'>, {}), (<class 'keras.src.metrics.regression_metrics.MeanAbsoluteError'>, {}), (<class 'keras.src.metrics.regression_metrics.MeanAbsolutePercentageError'>, {}), (<class 'keras.src.metrics.regression_metrics.RootMeanSquaredError'>, {}), (<class 'keras.src.metrics.regression_metrics.CosineSimilarity'>, {}), (<class 'keras.src.metrics.regression_metrics.LogCoshError'>, {}), (<class 'tensorflow_addons.metrics.r_square.RSquare'>, {})]",200,"[{'nodes': 128, 'activation': 'softplus', 'l2_reg': 0.0001, 'l1_reg': 0.001}]",0.99,True,PCA(n_components=0.99),1,True,"{'enabled': True, 'contamination': 0.05, 'remove_outliers': False}",False,True,"{'method': <function cosine_annealing_50 at 0x000001BAC637EB80>, 'description': 'Cosine Annealing with 50 epochs cycle'}",True,0.2,val_root_mean_squared_error,<keras.src.engine.sequential.Sequential object at 0x000001BBDB5C08E0>,StandardScaler(),IsolationForest(contamination=0.05),"[1.05031767e+01 3.12882141e+02 1.32799778e+01 4.35428009e+02
 1.76884747e+01 1.16369419e-01 1.26087170e+01 3.55541706e-03]",[0. 0. 0. 0. 0. 0. 0. 0.],13.27998258871585,10.169429848516216,0.5581847077520748,1.2589365910909076,0.7622628007756154,16.527659407932592,12.419936102300257,9.424358778939487,10.976713591488066,0.564162339726608,0.0348196307454449,0.9484096993499814,0.585235705707722,17.10638243998081,12.822387874695705,9.768638654969203,11.361955623951136,0.5647623737995567,0.04407459182102314,0.03944711128323402,0.03890426859004248,0.03917474967966268
0.001,64,"(<class 'keras.src.optimizers.adam.Adam'>, {'beta_1': 0.85, 'beta_2': 0.95, 'epsilon': 1e-08, 'amsgrad': False, 'learning_rate': 0.001})",<class 'keras.src.optimizers.adam.Adam'>,"{'beta_1': 0.85, 'beta_2': 0.95, 'epsilon': 1e-08, 'amsgrad': False, 'learning_rate': 0.001}","(<class '__main__.CustomLossWrapper'>, {'loss_function': <function custom_median_loss_scaled at 0x000001BAFB5578B0>, 'lambda_sign': 2.0})",<class '__main__.CustomLossWrapper'>,"{'loss_function': <function custom_median_loss_scaled at 0x000001BAFB5578B0>, 'lambda_sign': 2.0}","[(<class 'keras.src.metrics.regression_metrics.MeanSquaredError'>, {}), (<class 'keras.src.metrics.regression_metrics.MeanAbsoluteError'>, {}), (<class 'keras.src.metrics.regression_metrics.MeanAbsolutePercentageError'>, {}), (<class 'keras.src.metrics.regression_metrics.RootMeanSquaredError'>, {}), (<class 'keras.src.metrics.regression_metrics.CosineSimilarity'>, {}), (<class 'keras.src.metrics.regression_metrics.LogCoshError'>, {}), (<class 'tensorflow_addons.metrics.r_square.RSquare'>, {})]",200,"[{'nodes': 128, 'activation': 'softplus', 'l2_reg': 0.0001, 'l1_reg': 0.001}]",0.99,True,PCA(n_components=0.99),1,True,"{'enabled': True, 'contamination': 0.05, 'remove_outliers': False}",False,True,"{'method': <function cosine_annealing_50 at 0x000001BAC637EB80>, 'description': 'Cosine Annealing with 50 epochs cycle'}",True,0.3,val_root_mean_squared_error,<keras.src.engine.sequential.Sequential object at 0x000001BBEBFDADC0>,StandardScaler(),IsolationForest(contamination=0.05),"[1.05041542e+01 3.11742065e+02 1.32863779e+01 3.64682404e+02
 1.76562195e+01 1.10718697e-01 1.26145239e+01 7.18617439e-03]",[0. 0. 0. 0. 0. 0. 0. 0.],13.286380314945696,10.25145322459889,0.5553593501677556,0.7907937589750755,0.18793680248593603,16.567921670964086,12.43511981088962,9.427026509198859,10.976508485732705,0.5662110133870227,0.034546419491798014,0.4325161756362473,-0.14140004133479633,17.015719152857052,12.81238348808777,9.875581309958346,11.204660057748793,0.5675941886234918,0.03360955111954973,0.03407798530567387,0.03407154623409257,0.03407476561778518
0.001,64,"(<class 'keras.src.optimizers.adam.Adam'>, {'beta_1': 0.85, 'beta_2': 0.95, 'epsilon': 1e-08, 'amsgrad': False, 'learning_rate': 0.001})",<class 'keras.src.optimizers.adam.Adam'>,"{'beta_1': 0.85, 'beta_2': 0.95, 'epsilon': 1e-08, 'amsgrad': False, 'learning_rate': 0.001}","(<class '__main__.CustomLossWrapper'>, {'loss_function': <function custom_median_loss_scaled at 0x000001BAFB5578B0>, 'lambda_sign': 2.0})",<class '__main__.CustomLossWrapper'>,"{'loss_function': <function custom_median_loss_scaled at 0x000001BAFB5578B0>, 'lambda_sign': 2.0}","[(<class 'keras.src.metrics.regression_metrics.MeanSquaredError'>, {}), (<class 'keras.src.metrics.regression_metrics.MeanAbsoluteError'>, {}), (<class 'keras.src.metrics.regression_metrics.MeanAbsolutePercentageError'>, {}), (<class 'keras.src.metrics.regression_metrics.RootMeanSquaredError'>, {}), (<class 'keras.src.metrics.regression_metrics.CosineSimilarity'>, {}), (<class 'keras.src.metrics.regression_metrics.LogCoshError'>, {}), (<class 'tensorflow_addons.metrics.r_square.RSquare'>, {})]",200,"[{'nodes': 128, 'activation': 'softplus', 'l2_reg': 0.0001, 'l1_reg': 0.001}]",0.99,True,PCA(n_components=0.99),1,True,"{'enabled': True, 'contamination': 0.05, 'remove_outliers': False}",False,True,"{'method': <function cosine_annealing_50 at 0x000001BAC637EB80>, 'description': 'Cosine Annealing with 50 epochs cycle'}",True,0.4,val_root_mean_squared_error,<keras.src.engine.sequential.Sequential object at 0x000001BC079B9340>,StandardScaler(),IsolationForest(contamination=0.05),"[1.06679306e+01 3.12190857e+02 1.33226452e+01 2.11251038e+02
 1.76689243e+01 7.54017308e-02 1.26536646e+01 5.75691462e-03]",[0. 0. 0. 0. 0. 0. 0. 0.],13.322644780914157,10.261655599412123,0.5377008652657602,0.1844283509778846,-0.20552045336753258,16.28751459137218,12.285275290064819,9.4555536339915,10.695037464588756,0.5505633852566141,0.03162486042481287,-0.30263589719656747,-0.6797145957230482,16.83199976630733,12.712983546622356,9.905995952899868,11.034852230847626,0.5541738488057129,0.030633278683297505,0.031129069554055186,0.031121173121844137,0.031125121087534405
0.001,64,"(<class 'keras.src.optimizers.adam.Adam'>, {'beta_1': 0.85, 'beta_2': 0.95, 'epsilon': 1e-08, 'amsgrad': False, 'learning_rate': 0.001})",<class 'keras.src.optimizers.adam.Adam'>,"{'beta_1': 0.85, 'beta_2': 0.95, 'epsilon': 1e-08, 'amsgrad': False, 'learning_rate': 0.001}","(<class '__main__.CustomLossWrapper'>, {'loss_function': <function custom_median_loss_scaled at 0x000001BAFB5578B0>, 'lambda_sign': 2.0})",<class '__main__.CustomLossWrapper'>,"{'loss_function': <function custom_median_loss_scaled at 0x000001BAFB5578B0>, 'lambda_sign': 2.0}","[(<class 'keras.src.metrics.regression_metrics.MeanSquaredError'>, {}), (<class 'keras.src.metrics.regression_metrics.MeanAbsoluteError'>, {}), (<class 'keras.src.metrics.regression_metrics.MeanAbsolutePercentageError'>, {}), (<class 'keras.src.metrics.regression_metrics.RootMeanSquaredError'>, {}), (<class 'keras.src.metrics.regression_metrics.CosineSimilarity'>, {}), (<class 'keras.src.metrics.regression_metrics.LogCoshError'>, {}), (<class 'tensorflow_addons.metrics.r_square.RSquare'>, {})]",200,"[{'nodes': 128, 'activation': 'softplus', 'l2_reg': 0.0001, 'l1_reg': 0.001}]",0.99,True,PCA(n_components=0.99),1,True,"{'enabled': True, 'contamination': 0.05, 'remove_outliers': False}",False,True,"{'method': <function cosine_annealing_50 at 0x000001BAC637EB80>, 'description': 'Cosine Annealing with 50 epochs cycle'}",True,0.5,val_root_mean_squared_error,<keras.src.engine.sequential.Sequential object at 0x000001BC0BACE850>,StandardScaler(),IsolationForest(contamination=0.05),"[1.07469425e+01 3.11339783e+02 1.32982712e+01 1.55451263e+02
 1.76448231e+01 1.00123607e-01 1.26287260e+01 8.46731663e-03]",[0. 0. 0. 0. 0. 0. 0. 0.],13.298266188438669,10.24461068267069,0.5500618046971569,0.4950876542096032,0.013236754199407424,16.24112811750988,12.290895942140521,9.56706947187028,10.627695129817177,0.5495390484264067,0.02020414734435392,0.1519308836438068,-0.24512594261150444,16.78754797587058,12.701621922221106,9.943678895276705,10.976966224559607,0.560945579906427,0.026945755442314683,0.0235749513933343,0.023092985609097942,0.023332724085743876
0.001,64,"(<class 'keras.src.optimizers.adam.Adam'>, {'beta_1': 0.85, 'beta_2': 0.95, 'epsilon': 1e-08, 'amsgrad': False, 'learning_rate': 0.001})",<class 'keras.src.optimizers.adam.Adam'>,"{'beta_1': 0.85, 'beta_2': 0.95, 'epsilon': 1e-08, 'amsgrad': False, 'learning_rate': 0.001}","(<class '__main__.CustomLossWrapper'>, {'loss_function': <function custom_median_loss_scaled at 0x000001BAFB5578B0>, 'lambda_sign': 2.0})",<class '__main__.CustomLossWrapper'>,"{'loss_function': <function custom_median_loss_scaled at 0x000001BAFB5578B0>, 'lambda_sign': 2.0}","[(<class 'keras.src.metrics.regression_metrics.MeanSquaredError'>, {}), (<class 'keras.src.metrics.regression_metrics.MeanAbsoluteError'>, {}), (<class 'keras.src.metrics.regression_metrics.MeanAbsolutePercentageError'>, {}), (<class 'keras.src.metrics.regression_metrics.RootMeanSquaredError'>, {}), (<class 'keras.src.metrics.regression_metrics.CosineSimilarity'>, {}), (<class 'keras.src.metrics.regression_metrics.LogCoshError'>, {}), (<class 'tensorflow_addons.metrics.r_square.RSquare'>, {})]",200,"[{'nodes': 128, 'activation': 'softplus', 'l2_reg': 0.0001, 'l1_reg': 0.001}]",0.99,True,PCA(n_components=0.99),1,True,"{'enabled': True, 'contamination': 0.05, 'remove_outliers': False}",False,True,"{'method': <function cosine_annealing_50 at 0x000001BAC637EB80>, 'description': 'Cosine Annealing with 50 epochs cycle'}",True,0.6,val_root_mean_squared_error,<keras.src.engine.sequential.Sequential object at 0x000001BC0EBF4850>,StandardScaler(),IsolationForest(contamination=0.05),"[1.05419645e+01 3.12097412e+02 1.32844658e+01 3.25549500e+02
 1.76662788e+01 1.16016246e-01 1.26112986e+01 6.05452061e-03]",[0. 0. 0. 0. 0. 0. 0. 0.],13.284464666953106,10.25951300627906,0.5580081229030549,0.8366787010973551,0.2844767357099498,16.381518316687046,12.303262460292382,9.305751299313396,10.847976045604051,0.5615838366712586,0.046966622776105305,0.2582360726068819,-0.1701881634528568,16.968491312658955,12.727006753070214,9.852362989677799,11.224960810736935,0.5610687022900763,0.03588161615085496,0.04142411946348013,0.040682538390222955,0.041051654416773664
0.001,64,"(<class 'keras.src.optimizers.adam.Adam'>, {'beta_1': 0.85, 'beta_2': 0.95, 'epsilon': 1e-08, 'amsgrad': False, 'learning_rate': 0.001})",<class 'keras.src.optimizers.adam.Adam'>,"{'beta_1': 0.85, 'beta_2': 0.95, 'epsilon': 1e-08, 'amsgrad': False, 'learning_rate': 0.001}","(<class '__main__.CustomLossWrapper'>, {'loss_function': <function custom_median_loss_scaled at 0x000001BAFB5578B0>, 'lambda_sign': 2.0})",<class '__main__.CustomLossWrapper'>,"{'loss_function': <function custom_median_loss_scaled at 0x000001BAFB5578B0>, 'lambda_sign': 2.0}","[(<class 'keras.src.metrics.regression_metrics.MeanSquaredError'>, {}), (<class 'keras.src.metrics.regression_metrics.MeanAbsoluteError'>, {}), (<class 'keras.src.metrics.regression_metrics.MeanAbsolutePercentageError'>, {}), (<class 'keras.src.metrics.regression_metrics.RootMeanSquaredError'>, {}), (<class 'keras.src.metrics.regression_metrics.CosineSimilarity'>, {}), (<class 'keras.src.metrics.regression_metrics.LogCoshError'>, {}), (<class 'tensorflow_addons.metrics.r_square.RSquare'>, {})]",200,"[{'nodes': 128, 'activation': 'softplus', 'l2_reg': 0.0001, 'l1_reg': 0.001}]",0.99,True,PCA(n_components=0.99),1,True,"{'enabled': True, 'contamination': 0.05, 'remove_outliers': False}",False,True,"{'method': <function cosine_annealing_50 at 0x000001BAC637EB80>, 'description': 'Cosine Annealing with 50 epochs cycle'}",True,0.7,val_root_mean_squared_error,<keras.src.engine.sequential.Sequential object at 0x000001BC0F2B3580>,StandardScaler(),IsolationForest(contamination=0.05),"[1.05201368e+01 3.11020111e+02 1.32480106e+01 3.29992371e+02
 1.76357632e+01 1.27670839e-01 1.25776577e+01 9.48542356e-03]",[0. 0. 0. 0. 0. 0. 0. 0.],13.24801163226184,10.231810460483894,0.5638354229207134,1.074888888547495,0.5140040223057332,16.38933558561898,12.315658479597756,9.321433128057064,10.866689763836314,0.5647981350005298,0.04536059380241808,0.6683762557655782,0.1905641444490575,16.81990942895286,12.658294563337487,9.786264794225454,11.095223438360671,0.572642206353115,0.04234975840684213,0.043855176104630106,0.04380349959466909,0.04382933023356969
0.001,64,"(<class 'keras.src.optimizers.adam.Adam'>, {'beta_1': 0.85, 'beta_2': 0.95, 'epsilon': 1e-08, 'amsgrad': False, 'learning_rate': 0.001})",<class 'keras.src.optimizers.adam.Adam'>,"{'beta_1': 0.85, 'beta_2': 0.95, 'epsilon': 1e-08, 'amsgrad': False, 'learning_rate': 0.001}","(<class '__main__.CustomLossWrapper'>, {'loss_function': <function custom_median_loss_scaled at 0x000001BAFB5578B0>, 'lambda_sign': 2.0})",<class '__main__.CustomLossWrapper'>,"{'loss_function': <function custom_median_loss_scaled at 0x000001BAFB5578B0>, 'lambda_sign': 2.0}","[(<class 'keras.src.metrics.regression_metrics.MeanSquaredError'>, {}), (<class 'keras.src.metrics.regression_metrics.MeanAbsoluteError'>, {}), (<class 'keras.src.metrics.regression_metrics.MeanAbsolutePercentageError'>, {}), (<class 'keras.src.metrics.regression_metrics.RootMeanSquaredError'>, {}), (<class 'keras.src.metrics.regression_metrics.CosineSimilarity'>, {}), (<class 'keras.src.metrics.regression_metrics.LogCoshError'>, {}), (<class 'tensorflow_addons.metrics.r_square.RSquare'>, {})]",200,"[{'nodes': 128, 'activation': 'softplus', 'l2_reg': 0.0001, 'l1_reg': 0.001}]",0.99,True,PCA(n_components=0.99),1,True,"{'enabled': True, 'contamination': 0.05, 'remove_outliers': False}",False,True,"{'method': <function cosine_annealing_50 at 0x000001BAC637EB80>, 'description': 'Cosine Annealing with 50 epochs cycle'}",True,0.9,val_root_mean_squared_error,<keras.src.engine.sequential.Sequential object at 0x000001BC196A9910>,StandardScaler(),IsolationForest(contamination=0.05),"[1.06430492e+01 3.11342621e+02 1.32886820e+01 2.13229935e+02
 1.76449032e+01 1.05421156e-01 1.26175270e+01 8.45831633e-03]",[0. 0. 0. 0. 0. 0. 0. 0.],13.288682437069875,10.221363746739652,0.5527105774324563,0.5594939409550759,-0.03718949882790046,16.222674239172814,12.228551110612964,9.422995438922735,10.674523857764038,0.5622196319451803,0.034959254994866386,0.1658869249097944,-0.3442721739387191,16.80592728795207,12.67125536680325,9.830862599289599,11.040209701164835,0.5675941886234918,0.0379855704666789,0.036472412730772646,0.03640963524603001,0.03644101046993749
0.001,64,"(<class 'keras.src.optimizers.adam.Adam'>, {'beta_1': 0.85, 'beta_2': 0.95, 'epsilon': 1e-08, 'amsgrad': False, 'learning_rate': 0.001})",<class 'keras.src.optimizers.adam.Adam'>,"{'beta_1': 0.85, 'beta_2': 0.95, 'epsilon': 1e-08, 'amsgrad': False, 'learning_rate': 0.001}","(<class '__main__.CustomLossWrapper'>, {'loss_function': <function custom_median_loss_scaled at 0x000001BAFB5578B0>, 'lambda_sign': 2.0})",<class '__main__.CustomLossWrapper'>,"{'loss_function': <function custom_median_loss_scaled at 0x000001BAFB5578B0>, 'lambda_sign': 2.0}","[(<class 'keras.src.metrics.regression_metrics.MeanSquaredError'>, {}), (<class 'keras.src.metrics.regression_metrics.MeanAbsoluteError'>, {}), (<class 'keras.src.metrics.regression_metrics.MeanAbsolutePercentageError'>, {}), (<class 'keras.src.metrics.regression_metrics.RootMeanSquaredError'>, {}), (<class 'keras.src.metrics.regression_metrics.CosineSimilarity'>, {}), (<class 'keras.src.metrics.regression_metrics.LogCoshError'>, {}), (<class 'tensorflow_addons.metrics.r_square.RSquare'>, {})]",200,"[{'nodes': 128, 'activation': 'softplus', 'l2_reg': 0.0001, 'l1_reg': 0.001}]",0.99,True,PCA(n_components=0.99),1,True,"{'enabled': True, 'contamination': 0.05, 'remove_outliers': False}",False,True,"{'method': <function cosine_annealing_50 at 0x000001BAC637EB80>, 'description': 'Cosine Annealing with 50 epochs cycle'}",True,0.9,val_root_mean_squared_error,<keras.src.engine.sequential.Sequential object at 0x000001BC1B1518E0>,StandardScaler(),IsolationForest(contamination=0.05),"[1.06307898e+01 3.11200409e+02 1.32695112e+01 2.07610413e+02
 1.76408730e+01 1.08599685e-01 1.25985775e+01 8.91119242e-03]",[0. 0. 0. 0. 0. 0. 0. 0.],13.26951224441353,10.21205538760122,0.5542998410736358,0.9835431342825119,0.4714592635996775,16.232438853799867,12.234658296767536,9.387115345125922,10.71295063699613,0.5611599731553106,0.03863385641783903,0.501896769490872,0.01491141480911995,16.78684254014208,12.653958721722422,9.810622792586777,11.04117862410983,0.5637773947303619,0.03996616839513403,0.039300012406486534,0.03928872071027481,0.039294366152780535
0.001,64,"(<class 'keras.src.optimizers.adam.Adam'>, {'beta_1': 0.85, 'beta_2': 0.95, 'epsilon': 1e-08, 'amsgrad': False, 'learning_rate': 0.001})",<class 'keras.src.optimizers.adam.Adam'>,"{'beta_1': 0.85, 'beta_2': 0.95, 'epsilon': 1e-08, 'amsgrad': False, 'learning_rate': 0.001}","(<class '__main__.CustomLossWrapper'>, {'loss_function': <function custom_median_loss_scaled at 0x000001BAFB5578B0>, 'lambda_sign': 1.0})",<class '__main__.CustomLossWrapper'>,"{'loss_function': <function custom_median_loss_scaled at 0x000001BAFB5578B0>, 'lambda_sign': 1.0}","[(<class 'keras.src.metrics.regression_metrics.MeanSquaredError'>, {}), (<class 'keras.src.metrics.regression_metrics.MeanAbsoluteError'>, {}), (<class 'keras.src.metrics.regression_metrics.MeanAbsolutePercentageError'>, {}), (<class 'keras.src.metrics.regression_metrics.RootMeanSquaredError'>, {}), (<class 'keras.src.metrics.regression_metrics.CosineSimilarity'>, {}), (<class 'keras.src.metrics.regression_metrics.LogCoshError'>, {}), (<class 'tensorflow_addons.metrics.r_square.RSquare'>, {})]",200,"[{'nodes': 128, 'activation': 'softplus', 'l2_reg': 0.0001, 'l1_reg': 0.001}]",0.99,True,PCA(n_components=0.99),1,True,"{'enabled': True, 'contamination': 0.05, 'remove_outliers': False}",False,True,"{'method': <function cosine_annealing_50 at 0x000001BAC637EB80>, 'description': 'Cosine Annealing with 50 epochs cycle'}",False,,val_root_mean_squared_error,<keras.src.engine.sequential.Sequential object at 0x000001BC1EAE47F0>,StandardScaler(),IsolationForest(contamination=0.05),"[1.05942707e+01 3.11606476e+02 1.32939339e+01 1.87362579e+02
 1.76523781e+01 1.06127493e-01 1.26224203e+01 7.61801004e-03]",[0. 0. 0. 0. 0. 0. 0. 0.],13.293937806319544,10.29731125615539,0.5530637471304962,0.7516280832920488,0.17340997348514708,16.240927042325904,12.255662429494752,9.440692182808052,10.682982202988576,0.5539189714245346,0.033146871765568804,0.40728812547865034,-0.03292778800204932,16.86278177956065,12.726131131952748,9.882933837782158,11.070002580498805,0.5493720758433883,0.0328900580141773,0.03301846488987305,0.0330179655230557,0.03301821520552032
0.001,64,"(<class 'keras.src.optimizers.adam.Adam'>, {'beta_1': 0.85, 'beta_2': 0.95, 'epsilon': 1e-08, 'amsgrad': False, 'learning_rate': 0.001})",<class 'keras.src.optimizers.adam.Adam'>,"{'beta_1': 0.85, 'beta_2': 0.95, 'epsilon': 1e-08, 'amsgrad': False, 'learning_rate': 0.001}","(<class '__main__.CustomLossWrapper'>, {'loss_function': <function custom_median_loss_scaled at 0x000001BAFB5578B0>, 'lambda_sign': 1.0})",<class '__main__.CustomLossWrapper'>,"{'loss_function': <function custom_median_loss_scaled at 0x000001BAFB5578B0>, 'lambda_sign': 1.0}","[(<class 'keras.src.metrics.regression_metrics.MeanSquaredError'>, {}), (<class 'keras.src.metrics.regression_metrics.MeanAbsoluteError'>, {}), (<class 'keras.src.metrics.regression_metrics.MeanAbsolutePercentageError'>, {}), (<class 'keras.src.metrics.regression_metrics.RootMeanSquaredError'>, {}), (<class 'keras.src.metrics.regression_metrics.CosineSimilarity'>, {}), (<class 'keras.src.metrics.regression_metrics.LogCoshError'>, {}), (<class 'tensorflow_addons.metrics.r_square.RSquare'>, {})]",200,"[{'nodes': 128, 'activation': 'softplus', 'l2_reg': 0.0001, 'l1_reg': 0.001}]",0.99,True,PCA(n_components=0.99),1,True,"{'enabled': True, 'contamination': 0.05, 'remove_outliers': False}",False,True,"{'method': <function cosine_annealing_50 at 0x000001BAC637EB80>, 'description': 'Cosine Annealing with 50 epochs cycle'}",True,0.1,val_root_mean_squared_error,<keras.src.engine.sequential.Sequential object at 0x000001BC20A7CE50>,StandardScaler(),IsolationForest(contamination=0.05),"[1.05608482e+01 3.13553192e+02 1.32802887e+01 1.66711609e+02
 1.77074337e+01 1.07187003e-01 1.26114855e+01 1.41823292e-03]",[0. 0. 0. 0. 0. 0. 0. 0.],13.28028561063925,10.210715295466322,0.553593501677556,2.1112260036283663,1.5651135695199212,16.43154754131766,12.422755533041466,9.409759717597904,10.960058439792565,0.5584401822613119,0.0363147698575007,1.731892723805408,1.258153311471348,17.03166761249376,12.828882138959836,9.754370131314007,11.334771302294193,0.5659935976360503,0.045470860511161164,0.04089281518433093,0.04038029241180871,0.040635745774937296
0.001,64,"(<class 'keras.src.optimizers.adam.Adam'>, {'beta_1': 0.85, 'beta_2': 0.95, 'epsilon': 1e-08, 'amsgrad': False, 'learning_rate': 0.001})",<class 'keras.src.optimizers.adam.Adam'>,"{'beta_1': 0.85, 'beta_2': 0.95, 'epsilon': 1e-08, 'amsgrad': False, 'learning_rate': 0.001}","(<class '__main__.CustomLossWrapper'>, {'loss_function': <function custom_median_loss_scaled at 0x000001BAFB5578B0>, 'lambda_sign': 1.0})",<class '__main__.CustomLossWrapper'>,"{'loss_function': <function custom_median_loss_scaled at 0x000001BAFB5578B0>, 'lambda_sign': 1.0}","[(<class 'keras.src.metrics.regression_metrics.MeanSquaredError'>, {}), (<class 'keras.src.metrics.regression_metrics.MeanAbsoluteError'>, {}), (<class 'keras.src.metrics.regression_metrics.MeanAbsolutePercentageError'>, {}), (<class 'keras.src.metrics.regression_metrics.RootMeanSquaredError'>, {}), (<class 'keras.src.metrics.regression_metrics.CosineSimilarity'>, {}), (<class 'keras.src.metrics.regression_metrics.LogCoshError'>, {}), (<class 'tensorflow_addons.metrics.r_square.RSquare'>, {})]",200,"[{'nodes': 128, 'activation': 'softplus', 'l2_reg': 0.0001, 'l1_reg': 0.001}]",0.99,True,PCA(n_components=0.99),1,True,"{'enabled': True, 'contamination': 0.05, 'remove_outliers': False}",False,True,"{'method': <function cosine_annealing_50 at 0x000001BAC637EB80>, 'description': 'Cosine Annealing with 50 epochs cycle'}",True,0.2,val_root_mean_squared_error,<keras.src.engine.sequential.Sequential object at 0x000001BC256D6E50>,StandardScaler(),IsolationForest(contamination=0.05),"[1.07066059e+01 3.13806030e+02 1.33640480e+01 1.47654160e+02
 1.77145710e+01 7.11636916e-02 1.26938953e+01 6.13033772e-04]",[0. 0. 0. 0. 0. 0. 0. 0.],13.364051065975321,10.389070729176684,0.5355818470775208,0.940033498060079,0.37239351844624446,16.292582504926294,12.342704935283544,9.558697095110052,10.67633797379491,0.5378121578185158,0.021061590686922038,0.6814742507877645,0.17266189550498046,16.897069463079266,12.791125401394504,9.99779710149815,11.060849192396772,0.5300418616104408,0.021649933762409077,0.021355762224665557,0.021351710068029422,0.021353736050228635
0.001,64,"(<class 'keras.src.optimizers.adam.Adam'>, {'beta_1': 0.85, 'beta_2': 0.95, 'epsilon': 1e-08, 'amsgrad': False, 'learning_rate': 0.001})",<class 'keras.src.optimizers.adam.Adam'>,"{'beta_1': 0.85, 'beta_2': 0.95, 'epsilon': 1e-08, 'amsgrad': False, 'learning_rate': 0.001}","(<class '__main__.CustomLossWrapper'>, {'loss_function': <function custom_median_loss_scaled at 0x000001BAFB5578B0>, 'lambda_sign': 1.0})",<class '__main__.CustomLossWrapper'>,"{'loss_function': <function custom_median_loss_scaled at 0x000001BAFB5578B0>, 'lambda_sign': 1.0}","[(<class 'keras.src.metrics.regression_metrics.MeanSquaredError'>, {}), (<class 'keras.src.metrics.regression_metrics.MeanAbsoluteError'>, {}), (<class 'keras.src.metrics.regression_metrics.MeanAbsolutePercentageError'>, {}), (<class 'keras.src.metrics.regression_metrics.RootMeanSquaredError'>, {}), (<class 'keras.src.metrics.regression_metrics.CosineSimilarity'>, {}), (<class 'keras.src.metrics.regression_metrics.LogCoshError'>, {}), (<class 'tensorflow_addons.metrics.r_square.RSquare'>, {})]",200,"[{'nodes': 128, 'activation': 'softplus', 'l2_reg': 0.0001, 'l1_reg': 0.001}]",0.99,True,PCA(n_components=0.99),1,True,"{'enabled': True, 'contamination': 0.05, 'remove_outliers': False}",False,True,"{'method': <function cosine_annealing_50 at 0x000001BAC637EB80>, 'description': 'Cosine Annealing with 50 epochs cycle'}",True,0.3,val_root_mean_squared_error,<keras.src.engine.sequential.Sequential object at 0x000001BC28568E20>,StandardScaler(),IsolationForest(contamination=0.05),"[ 1.05370350e+01  3.14679749e+02  1.33033905e+01  3.34171783e+02
  1.77392159e+01  1.11778207e-01  1.26320210e+01 -2.16948986e-03]",[0. 0. 0. 0. 0. 0. 0. 0.],13.303388231145071,10.34015125191778,0.5558891047148155,2.0463521076883784,1.2753443291164634,16.440671482297905,12.3966237331661,9.396643333504665,10.990981545550198,0.5583342163823249,0.03765806299174423,1.7487451717789761,1.158105465223753,16.980714141370786,12.793251521941341,9.820914143053006,11.301137150910096,0.5625461708938685,0.038959092205440145,0.038308577598592186,0.038297531266928385,0.038303054034549734
0.001,64,"(<class 'keras.src.optimizers.adam.Adam'>, {'beta_1': 0.85, 'beta_2': 0.95, 'epsilon': 1e-08, 'amsgrad': False, 'learning_rate': 0.001})",<class 'keras.src.optimizers.adam.Adam'>,"{'beta_1': 0.85, 'beta_2': 0.95, 'epsilon': 1e-08, 'amsgrad': False, 'learning_rate': 0.001}","(<class '__main__.CustomLossWrapper'>, {'loss_function': <function custom_median_loss_scaled at 0x000001BAFB5578B0>, 'lambda_sign': 1.0})",<class '__main__.CustomLossWrapper'>,"{'loss_function': <function custom_median_loss_scaled at 0x000001BAFB5578B0>, 'lambda_sign': 1.0}","[(<class 'keras.src.metrics.regression_metrics.MeanSquaredError'>, {}), (<class 'keras.src.metrics.regression_metrics.MeanAbsoluteError'>, {}), (<class 'keras.src.metrics.regression_metrics.MeanAbsolutePercentageError'>, {}), (<class 'keras.src.metrics.regression_metrics.RootMeanSquaredError'>, {}), (<class 'keras.src.metrics.regression_metrics.CosineSimilarity'>, {}), (<class 'keras.src.metrics.regression_metrics.LogCoshError'>, {}), (<class 'tensorflow_addons.metrics.r_square.RSquare'>, {})]",200,"[{'nodes': 128, 'activation': 'softplus', 'l2_reg': 0.0001, 'l1_reg': 0.001}]",0.99,True,PCA(n_components=0.99),1,True,"{'enabled': True, 'contamination': 0.05, 'remove_outliers': False}",False,True,"{'method': <function cosine_annealing_50 at 0x000001BAC637EB80>, 'description': 'Cosine Annealing with 50 epochs cycle'}",True,0.4,val_root_mean_squared_error,<keras.src.engine.sequential.Sequential object at 0x000001BC28F86EE0>,StandardScaler(),IsolationForest(contamination=0.05),"[1.04471731e+01 3.11276520e+02 1.32586412e+01 2.04963562e+02
 1.76430302e+01 1.11778207e-01 1.25873518e+01 8.66878033e-03]",[0. 0. 0. 0. 0. 0. 0. 0.],13.258646088499296,10.154561659185184,0.5558891047148155,1.3625960057602966,0.8083599818420555,16.290406823124158,12.271122079790466,9.34353480340525,10.80038572645188,0.5607007876797004,0.043097086684949604,0.9853848911791337,0.47407549400929627,16.817515970812025,12.666375863064403,9.744956750622173,11.10599446445829,0.5657473528687516,0.04639202159593607,0.04474455414044284,0.04468389538388466,0.04471421447604901
0.001,64,"(<class 'keras.src.optimizers.adam.Adam'>, {'beta_1': 0.85, 'beta_2': 0.95, 'epsilon': 1e-08, 'amsgrad': False, 'learning_rate': 0.001})",<class 'keras.src.optimizers.adam.Adam'>,"{'beta_1': 0.85, 'beta_2': 0.95, 'epsilon': 1e-08, 'amsgrad': False, 'learning_rate': 0.001}","(<class '__main__.CustomLossWrapper'>, {'loss_function': <function custom_median_loss_scaled at 0x000001BAFB5578B0>, 'lambda_sign': 1.0})",<class '__main__.CustomLossWrapper'>,"{'loss_function': <function custom_median_loss_scaled at 0x000001BAFB5578B0>, 'lambda_sign': 1.0}","[(<class 'keras.src.metrics.regression_metrics.MeanSquaredError'>, {}), (<class 'keras.src.metrics.regression_metrics.MeanAbsoluteError'>, {}), (<class 'keras.src.metrics.regression_metrics.MeanAbsolutePercentageError'>, {}), (<class 'keras.src.metrics.regression_metrics.RootMeanSquaredError'>, {}), (<class 'keras.src.metrics.regression_metrics.CosineSimilarity'>, {}), (<class 'keras.src.metrics.regression_metrics.LogCoshError'>, {}), (<class 'tensorflow_addons.metrics.r_square.RSquare'>, {})]",200,"[{'nodes': 128, 'activation': 'softplus', 'l2_reg': 0.0001, 'l1_reg': 0.001}]",0.99,True,PCA(n_components=0.99),1,True,"{'enabled': True, 'contamination': 0.05, 'remove_outliers': False}",False,True,"{'method': <function cosine_annealing_50 at 0x000001BAC637EB80>, 'description': 'Cosine Annealing with 50 epochs cycle'}",True,0.5,val_root_mean_squared_error,<keras.src.engine.sequential.Sequential object at 0x000001BC2D2AF070>,StandardScaler(),IsolationForest(contamination=0.05),"[1.05122957e+01 3.11027405e+02 1.32741604e+01 1.74561523e+02
 1.76359692e+01 1.14603564e-01 1.26050587e+01 9.46223736e-03]",[0. 0. 0. 0. 0. 0. 0. 0.],13.274161171512208,10.173077186655487,0.5573017835069751,0.7672124872119244,0.2451273530366338,16.262005577856524,12.255238377418806,9.42988444842285,10.716589396632749,0.5617957684292324,0.034253728296543065,0.3739717692428111,0.0261393773734373,16.851779552629342,12.696250461453834,9.839196682986943,11.086375480161669,0.5561438069441025,0.03717002567670671,0.03571187698662488,0.03565233943828534,0.03568209579474615
0.001,64,"(<class 'keras.src.optimizers.adam.Adam'>, {'beta_1': 0.85, 'beta_2': 0.95, 'epsilon': 1e-08, 'amsgrad': False, 'learning_rate': 0.001})",<class 'keras.src.optimizers.adam.Adam'>,"{'beta_1': 0.85, 'beta_2': 0.95, 'epsilon': 1e-08, 'amsgrad': False, 'learning_rate': 0.001}","(<class '__main__.CustomLossWrapper'>, {'loss_function': <function custom_median_loss_scaled at 0x000001BAFB5578B0>, 'lambda_sign': 1.0})",<class '__main__.CustomLossWrapper'>,"{'loss_function': <function custom_median_loss_scaled at 0x000001BAFB5578B0>, 'lambda_sign': 1.0}","[(<class 'keras.src.metrics.regression_metrics.MeanSquaredError'>, {}), (<class 'keras.src.metrics.regression_metrics.MeanAbsoluteError'>, {}), (<class 'keras.src.metrics.regression_metrics.MeanAbsolutePercentageError'>, {}), (<class 'keras.src.metrics.regression_metrics.RootMeanSquaredError'>, {}), (<class 'keras.src.metrics.regression_metrics.CosineSimilarity'>, {}), (<class 'keras.src.metrics.regression_metrics.LogCoshError'>, {}), (<class 'tensorflow_addons.metrics.r_square.RSquare'>, {})]",200,"[{'nodes': 128, 'activation': 'softplus', 'l2_reg': 0.0001, 'l1_reg': 0.001}]",0.99,True,PCA(n_components=0.99),1,True,"{'enabled': True, 'contamination': 0.05, 'remove_outliers': False}",False,True,"{'method': <function cosine_annealing_50 at 0x000001BAC637EB80>, 'description': 'Cosine Annealing with 50 epochs cycle'}",True,0.6,val_root_mean_squared_error,<keras.src.engine.sequential.Sequential object at 0x000001BC306C42B0>,StandardScaler(),IsolationForest(contamination=0.05),"[1.06310778e+01 3.12921875e+02 1.33550510e+01 1.97770523e+02
 1.76895981e+01 5.52710593e-02 1.26855345e+01 3.42881680e-03]",[0. 0. 0. 0. 0. 0. 0. 0.],13.355051418450444,10.311125763010187,0.5276355288716228,-0.12337679858783858,-0.5864926781036595,16.27351872517351,12.324908408993592,9.573735927674102,10.627036325639772,0.5409204902688001,0.019521413120702425,-0.5279498321235176,-0.9058720876537213,16.859911791588797,12.776934049565888,10.054459827669639,11.0120499931279,0.5354592464910121,0.016105114104609533,0.017813263612655977,0.017649465736798674,0.017731175533284144
0.001,64,"(<class 'keras.src.optimizers.adam.Adam'>, {'beta_1': 0.85, 'beta_2': 0.95, 'epsilon': 1e-08, 'amsgrad': False, 'learning_rate': 0.001})",<class 'keras.src.optimizers.adam.Adam'>,"{'beta_1': 0.85, 'beta_2': 0.95, 'epsilon': 1e-08, 'amsgrad': False, 'learning_rate': 0.001}","(<class '__main__.CustomLossWrapper'>, {'loss_function': <function custom_median_loss_scaled at 0x000001BAFB5578B0>, 'lambda_sign': 1.0})",<class '__main__.CustomLossWrapper'>,"{'loss_function': <function custom_median_loss_scaled at 0x000001BAFB5578B0>, 'lambda_sign': 1.0}","[(<class 'keras.src.metrics.regression_metrics.MeanSquaredError'>, {}), (<class 'keras.src.metrics.regression_metrics.MeanAbsoluteError'>, {}), (<class 'keras.src.metrics.regression_metrics.MeanAbsolutePercentageError'>, {}), (<class 'keras.src.metrics.regression_metrics.RootMeanSquaredError'>, {}), (<class 'keras.src.metrics.regression_metrics.CosineSimilarity'>, {}), (<class 'keras.src.metrics.regression_metrics.LogCoshError'>, {}), (<class 'tensorflow_addons.metrics.r_square.RSquare'>, {})]",200,"[{'nodes': 128, 'activation': 'softplus', 'l2_reg': 0.0001, 'l1_reg': 0.001}]",0.99,True,PCA(n_components=0.99),1,True,"{'enabled': True, 'contamination': 0.05, 'remove_outliers': False}",False,True,"{'method': <function cosine_annealing_50 at 0x000001BAC637EB80>, 'description': 'Cosine Annealing with 50 epochs cycle'}",True,0.7,val_root_mean_squared_error,<keras.src.engine.sequential.Sequential object at 0x000001BC3243EEE0>,StandardScaler(),IsolationForest(contamination=0.05),"[1.05128336e+01 3.11217163e+02 1.32786036e+01 2.54504883e+02
 1.76413479e+01 1.06480666e-01 1.26098633e+01 8.85784626e-03]",[0. 0. 0. 0. 0. 0. 0. 0.],13.27860674825551,10.248185811581873,0.5532403319795162,0.7596530012046784,0.27776556066840286,16.252407083564243,12.255620417167071,9.421601371325494,10.701041618112505,0.5544841227791318,0.03510202615944447,0.4645035753632321,0.13534984063268551,16.816312536996602,12.695535174471141,9.869547819013533,11.036652446435609,0.5611918246737256,0.03419996780890388,0.034650996984174176,0.034645126234855245,0.034648061485172625
0.001,64,"(<class 'keras.src.optimizers.adam.Adam'>, {'beta_1': 0.85, 'beta_2': 0.95, 'epsilon': 1e-08, 'amsgrad': False, 'learning_rate': 0.001})",<class 'keras.src.optimizers.adam.Adam'>,"{'beta_1': 0.85, 'beta_2': 0.95, 'epsilon': 1e-08, 'amsgrad': False, 'learning_rate': 0.001}","(<class '__main__.CustomLossWrapper'>, {'loss_function': <function custom_median_loss_scaled at 0x000001BAFB5578B0>, 'lambda_sign': 1.0})",<class '__main__.CustomLossWrapper'>,"{'loss_function': <function custom_median_loss_scaled at 0x000001BAFB5578B0>, 'lambda_sign': 1.0}","[(<class 'keras.src.metrics.regression_metrics.MeanSquaredError'>, {}), (<class 'keras.src.metrics.regression_metrics.MeanAbsoluteError'>, {}), (<class 'keras.src.metrics.regression_metrics.MeanAbsolutePercentageError'>, {}), (<class 'keras.src.metrics.regression_metrics.RootMeanSquaredError'>, {}), (<class 'keras.src.metrics.regression_metrics.CosineSimilarity'>, {}), (<class 'keras.src.metrics.regression_metrics.LogCoshError'>, {}), (<class 'tensorflow_addons.metrics.r_square.RSquare'>, {})]",200,"[{'nodes': 128, 'activation': 'softplus', 'l2_reg': 0.0001, 'l1_reg': 0.001}]",0.99,True,PCA(n_components=0.99),1,True,"{'enabled': True, 'contamination': 0.05, 'remove_outliers': False}",False,True,"{'method': <function cosine_annealing_50 at 0x000001BAC637EB80>, 'description': 'Cosine Annealing with 50 epochs cycle'}",True,0.9,val_root_mean_squared_error,<keras.src.engine.sequential.Sequential object at 0x000001BC2104B160>,StandardScaler(),IsolationForest(contamination=0.05),"[1.05794487e+01 3.10625031e+02 1.32623758e+01 2.17071716e+02
 1.76245575e+01 1.13897227e-01 1.25913744e+01 1.07436776e-02]",[0. 0. 0. 0. 0. 0. 0. 0.],13.262375207550118,10.204183211296149,0.5569486138089352,1.0021165411654673,0.44460402339284355,16.197864020521568,12.221708279678289,9.42335673064807,10.677061503795102,0.5574511673907668,0.0349222538907014,0.7017151960549286,0.1588882158140564,16.75633014096882,12.649713309780418,9.779745611506526,11.010545578613595,0.5625461708938685,0.04298770322409825,0.03895497855739982,0.038537500000366744,0.038745676999764535
0.001,64,"(<class 'keras.src.optimizers.adam.Adam'>, {'beta_1': 0.85, 'beta_2': 0.95, 'epsilon': 1e-08, 'amsgrad': False, 'learning_rate': 0.001})",<class 'keras.src.optimizers.adam.Adam'>,"{'beta_1': 0.85, 'beta_2': 0.95, 'epsilon': 1e-08, 'amsgrad': False, 'learning_rate': 0.001}","(<class '__main__.CustomLossWrapper'>, {'loss_function': <function custom_median_loss_scaled at 0x000001BAFB5578B0>, 'lambda_sign': 1.0})",<class '__main__.CustomLossWrapper'>,"{'loss_function': <function custom_median_loss_scaled at 0x000001BAFB5578B0>, 'lambda_sign': 1.0}","[(<class 'keras.src.metrics.regression_metrics.MeanSquaredError'>, {}), (<class 'keras.src.metrics.regression_metrics.MeanAbsoluteError'>, {}), (<class 'keras.src.metrics.regression_metrics.MeanAbsolutePercentageError'>, {}), (<class 'keras.src.metrics.regression_metrics.RootMeanSquaredError'>, {}), (<class 'keras.src.metrics.regression_metrics.CosineSimilarity'>, {}), (<class 'keras.src.metrics.regression_metrics.LogCoshError'>, {}), (<class 'tensorflow_addons.metrics.r_square.RSquare'>, {})]",200,"[{'nodes': 128, 'activation': 'softplus', 'l2_reg': 0.0001, 'l1_reg': 0.001}]",0.99,True,PCA(n_components=0.99),1,True,"{'enabled': True, 'contamination': 0.05, 'remove_outliers': False}",False,True,"{'method': <function cosine_annealing_50 at 0x000001BAC637EB80>, 'description': 'Cosine Annealing with 50 epochs cycle'}",True,0.9,val_root_mean_squared_error,<keras.src.engine.sequential.Sequential object at 0x000001BBD77CE6D0>,StandardScaler(),IsolationForest(contamination=0.05),"[1.05393152e+01 3.11908539e+02 1.32577438e+01 2.53436295e+02
 1.76609325e+01 1.15309909e-01 1.25891657e+01 6.65599108e-03]",[0. 0. 0. 0. 0. 0. 0. 0.],13.257744470657176,10.175008340105151,0.557654953205015,1.0988034131310374,0.5681853208607164,16.2644390081613,12.232583461200175,9.329570807374731,10.774878378752138,0.5618310903888948,0.044527186616535826,0.7066866262203019,0.19865979944983064,16.818304020311135,12.646924578691106,9.679425480941713,11.108124103826945,0.5683329229253878,0.052804686444165846,0.04866593653035084,0.04831396034186382,0.04848962907186476
0.001,64,"(<class 'keras.src.optimizers.adam.Adam'>, {'beta_1': 0.99, 'beta_2': 0.9995, 'epsilon': 1e-06, 'amsgrad': False, 'learning_rate': 0.001})",<class 'keras.src.optimizers.adam.Adam'>,"{'beta_1': 0.99, 'beta_2': 0.9995, 'epsilon': 1e-06, 'amsgrad': False, 'learning_rate': 0.001}","(<class '__main__.CustomLossWrapper'>, {'loss_function': <function custom_median_loss_scaled at 0x000001BAFB5578B0>, 'lambda_sign': 2.0})",<class '__main__.CustomLossWrapper'>,"{'loss_function': <function custom_median_loss_scaled at 0x000001BAFB5578B0>, 'lambda_sign': 2.0}","[(<class 'keras.src.metrics.regression_metrics.MeanSquaredError'>, {}), (<class 'keras.src.metrics.regression_metrics.MeanAbsoluteError'>, {}), (<class 'keras.src.metrics.regression_metrics.MeanAbsolutePercentageError'>, {}), (<class 'keras.src.metrics.regression_metrics.RootMeanSquaredError'>, {}), (<class 'keras.src.metrics.regression_metrics.CosineSimilarity'>, {}), (<class 'keras.src.metrics.regression_metrics.LogCoshError'>, {}), (<class 'tensorflow_addons.metrics.r_square.RSquare'>, {})]",200,"[{'nodes': 128, 'activation': 'softplus', 'l2_reg': 0.0001, 'l1_reg': 0.001}]",0.99,True,PCA(n_components=0.99),1,True,"{'enabled': True, 'contamination': 0.05, 'remove_outliers': False}",False,True,"{'method': <function cosine_annealing_50 at 0x000001BAC637EB80>, 'description': 'Cosine Annealing with 50 epochs cycle'}",False,,val_root_mean_squared_error,<keras.src.engine.sequential.Sequential object at 0x000001BB1DFDF910>,StandardScaler(),IsolationForest(contamination=0.05),"[1.04657450e+01 3.10106293e+02 1.32074308e+01 3.22031952e+02
 1.76098347e+01 1.11778207e-01 1.25368052e+01 1.23956800e-02]",[0. 0. 0. 0. 0. 0. 0. 0.],13.207434824677538,10.062896139848878,0.5558891047148155,1.4313055728233461,0.7896096876751209,16.451571771479536,12.361025677944067,9.352527561165513,10.950003138840621,0.5582988944226626,0.04217610803173202,1.155947810190353,0.5768241038822322,16.8462436436985,12.696773037975797,9.72023483409155,11.131235710388756,0.5598374784535829,0.0488112233890622,0.045493665710397105,0.04525173776769553,0.04537254049332142
0.001,64,"(<class 'keras.src.optimizers.adam.Adam'>, {'beta_1': 0.99, 'beta_2': 0.9995, 'epsilon': 1e-06, 'amsgrad': False, 'learning_rate': 0.001})",<class 'keras.src.optimizers.adam.Adam'>,"{'beta_1': 0.99, 'beta_2': 0.9995, 'epsilon': 1e-06, 'amsgrad': False, 'learning_rate': 0.001}","(<class '__main__.CustomLossWrapper'>, {'loss_function': <function custom_median_loss_scaled at 0x000001BAFB5578B0>, 'lambda_sign': 2.0})",<class '__main__.CustomLossWrapper'>,"{'loss_function': <function custom_median_loss_scaled at 0x000001BAFB5578B0>, 'lambda_sign': 2.0}","[(<class 'keras.src.metrics.regression_metrics.MeanSquaredError'>, {}), (<class 'keras.src.metrics.regression_metrics.MeanAbsoluteError'>, {}), (<class 'keras.src.metrics.regression_metrics.MeanAbsolutePercentageError'>, {}), (<class 'keras.src.metrics.regression_metrics.RootMeanSquaredError'>, {}), (<class 'keras.src.metrics.regression_metrics.CosineSimilarity'>, {}), (<class 'keras.src.metrics.regression_metrics.LogCoshError'>, {}), (<class 'tensorflow_addons.metrics.r_square.RSquare'>, {})]",200,"[{'nodes': 128, 'activation': 'softplus', 'l2_reg': 0.0001, 'l1_reg': 0.001}]",0.99,True,PCA(n_components=0.99),1,True,"{'enabled': True, 'contamination': 0.05, 'remove_outliers': False}",False,True,"{'method': <function cosine_annealing_50 at 0x000001BAC637EB80>, 'description': 'Cosine Annealing with 50 epochs cycle'}",True,0.1,val_root_mean_squared_error,<keras.src.engine.sequential.Sequential object at 0x000001BC30724AF0>,StandardScaler(),IsolationForest(contamination=0.05),"[1.04803505e+01 3.12970123e+02 1.32846565e+01 4.69415863e+02
 1.76909618e+01 1.26611337e-01 1.26135416e+01 3.27515602e-03]",[0. 0. 0. 0. 0. 0. 0. 0.],13.284656446839124,10.144453289287393,0.5633056683736536,0.9790865800060125,0.27354404618726047,16.91662733244887,12.644004130529423,9.490607210195734,11.280710841680618,0.5666701988626329,0.028034905456194567,0.6824359470766723,-0.04309323842342572,17.335046507545393,12.987960704307254,10.02875396771601,11.500509493639747,0.5679635557744398,0.018620601219721943,0.023327753337958255,0.022377928434410305,0.022847905696855585
0.001,64,"(<class 'keras.src.optimizers.adam.Adam'>, {'beta_1': 0.99, 'beta_2': 0.9995, 'epsilon': 1e-06, 'amsgrad': False, 'learning_rate': 0.001})",<class 'keras.src.optimizers.adam.Adam'>,"{'beta_1': 0.99, 'beta_2': 0.9995, 'epsilon': 1e-06, 'amsgrad': False, 'learning_rate': 0.001}","(<class '__main__.CustomLossWrapper'>, {'loss_function': <function custom_median_loss_scaled at 0x000001BAFB5578B0>, 'lambda_sign': 2.0})",<class '__main__.CustomLossWrapper'>,"{'loss_function': <function custom_median_loss_scaled at 0x000001BAFB5578B0>, 'lambda_sign': 2.0}","[(<class 'keras.src.metrics.regression_metrics.MeanSquaredError'>, {}), (<class 'keras.src.metrics.regression_metrics.MeanAbsoluteError'>, {}), (<class 'keras.src.metrics.regression_metrics.MeanAbsolutePercentageError'>, {}), (<class 'keras.src.metrics.regression_metrics.RootMeanSquaredError'>, {}), (<class 'keras.src.metrics.regression_metrics.CosineSimilarity'>, {}), (<class 'keras.src.metrics.regression_metrics.LogCoshError'>, {}), (<class 'tensorflow_addons.metrics.r_square.RSquare'>, {})]",200,"[{'nodes': 128, 'activation': 'softplus', 'l2_reg': 0.0001, 'l1_reg': 0.001}]",0.99,True,PCA(n_components=0.99),1,True,"{'enabled': True, 'contamination': 0.05, 'remove_outliers': False}",False,True,"{'method': <function cosine_annealing_50 at 0x000001BAC637EB80>, 'description': 'Cosine Annealing with 50 epochs cycle'}",True,0.2,val_root_mean_squared_error,<keras.src.engine.sequential.Sequential object at 0x000001BC1E3E05E0>,StandardScaler(),IsolationForest(contamination=0.05),"[1.05903282e+01 3.11999725e+02 1.32560816e+01 3.73459503e+02
 1.76635132e+01 1.16722584e-01 1.25855503e+01 6.36559725e-03]",[0. 0. 0. 0. 0. 0. 0. 0.],13.256080838898187,10.146984476626493,0.5583612926010948,2.0326340013676387,1.4891118780755894,16.31982365515585,12.326055615677925,9.335735450407501,10.887211640564447,0.5603828900427396,0.04389584473129393,1.7073042752115752,1.3031759677885182,16.789521293870504,12.67931209720162,9.681801691367253,11.136360295784568,0.5705491258310761,0.0525721586579325,0.04823400169461321,0.04784382868020008,0.04803851906166087
0.001,64,"(<class 'keras.src.optimizers.adam.Adam'>, {'beta_1': 0.99, 'beta_2': 0.9995, 'epsilon': 1e-06, 'amsgrad': False, 'learning_rate': 0.001})",<class 'keras.src.optimizers.adam.Adam'>,"{'beta_1': 0.99, 'beta_2': 0.9995, 'epsilon': 1e-06, 'amsgrad': False, 'learning_rate': 0.001}","(<class '__main__.CustomLossWrapper'>, {'loss_function': <function custom_median_loss_scaled at 0x000001BAFB5578B0>, 'lambda_sign': 2.0})",<class '__main__.CustomLossWrapper'>,"{'loss_function': <function custom_median_loss_scaled at 0x000001BAFB5578B0>, 'lambda_sign': 2.0}","[(<class 'keras.src.metrics.regression_metrics.MeanSquaredError'>, {}), (<class 'keras.src.metrics.regression_metrics.MeanAbsoluteError'>, {}), (<class 'keras.src.metrics.regression_metrics.MeanAbsolutePercentageError'>, {}), (<class 'keras.src.metrics.regression_metrics.RootMeanSquaredError'>, {}), (<class 'keras.src.metrics.regression_metrics.CosineSimilarity'>, {}), (<class 'keras.src.metrics.regression_metrics.LogCoshError'>, {}), (<class 'tensorflow_addons.metrics.r_square.RSquare'>, {})]",200,"[{'nodes': 128, 'activation': 'softplus', 'l2_reg': 0.0001, 'l1_reg': 0.001}]",0.99,True,PCA(n_components=0.99),1,True,"{'enabled': True, 'contamination': 0.05, 'remove_outliers': False}",False,True,"{'method': <function cosine_annealing_50 at 0x000001BAC637EB80>, 'description': 'Cosine Annealing with 50 epochs cycle'}",True,0.3,val_root_mean_squared_error,<keras.src.engine.sequential.Sequential object at 0x000001BBEBF41820>,StandardScaler(),IsolationForest(contamination=0.05),"[1.06758261e+01 3.13675751e+02 1.33250303e+01 3.44712006e+02
 1.77108936e+01 8.84690061e-02 1.26562958e+01 1.02794170e-03]",[0. 0. 0. 0. 0. 0. 0. 0.],13.325030520779542,10.29025629337529,0.5442345046794985,1.0284551853656314,0.5763160563857754,16.37747493258367,12.363600927541212,9.493464210942594,10.789597547882495,0.5442054325173961,0.027742310373547886,0.6915351994601899,0.24766174144156483,16.99121907575282,12.788060411768596,9.763026469509661,11.208263878441494,0.544324058113765,0.04462378100343393,0.03618304568849091,0.03421400158782836,0.03518475213268518
0.001,64,"(<class 'keras.src.optimizers.adam.Adam'>, {'beta_1': 0.99, 'beta_2': 0.9995, 'epsilon': 1e-06, 'amsgrad': False, 'learning_rate': 0.001})",<class 'keras.src.optimizers.adam.Adam'>,"{'beta_1': 0.99, 'beta_2': 0.9995, 'epsilon': 1e-06, 'amsgrad': False, 'learning_rate': 0.001}","(<class '__main__.CustomLossWrapper'>, {'loss_function': <function custom_median_loss_scaled at 0x000001BAFB5578B0>, 'lambda_sign': 2.0})",<class '__main__.CustomLossWrapper'>,"{'loss_function': <function custom_median_loss_scaled at 0x000001BAFB5578B0>, 'lambda_sign': 2.0}","[(<class 'keras.src.metrics.regression_metrics.MeanSquaredError'>, {}), (<class 'keras.src.metrics.regression_metrics.MeanAbsoluteError'>, {}), (<class 'keras.src.metrics.regression_metrics.MeanAbsolutePercentageError'>, {}), (<class 'keras.src.metrics.regression_metrics.RootMeanSquaredError'>, {}), (<class 'keras.src.metrics.regression_metrics.CosineSimilarity'>, {}), (<class 'keras.src.metrics.regression_metrics.LogCoshError'>, {}), (<class 'tensorflow_addons.metrics.r_square.RSquare'>, {})]",200,"[{'nodes': 128, 'activation': 'softplus', 'l2_reg': 0.0001, 'l1_reg': 0.001}]",0.99,True,PCA(n_components=0.99),1,True,"{'enabled': True, 'contamination': 0.05, 'remove_outliers': False}",False,True,"{'method': <function cosine_annealing_50 at 0x000001BAC637EB80>, 'description': 'Cosine Annealing with 50 epochs cycle'}",True,0.4,val_root_mean_squared_error,<keras.src.engine.sequential.Sequential object at 0x000001BB1DDBE280>,StandardScaler(),IsolationForest(contamination=0.05),"[1.06418247e+01 3.12076263e+02 1.32786512e+01 2.05222824e+02
 1.76656799e+01 1.03655308e-01 1.26071320e+01 6.12187386e-03]",[0. 0. 0. 0. 0. 0. 0. 0.],13.278649501672808,10.218142678983572,0.5518276531873565,1.2405012762131664,0.7091899063997738,16.48697748018639,12.407470953653764,9.417887546875361,10.92742196936576,0.562078344106531,0.035482371447458735,0.759565679302867,0.28693121598196136,16.95629629800639,12.734567272802783,9.91380197735445,11.220687254658138,0.5666092095542969,0.029869407956110296,0.03267588970178452,0.032434845315214296,0.03255514441704083
0.001,64,"(<class 'keras.src.optimizers.adam.Adam'>, {'beta_1': 0.99, 'beta_2': 0.9995, 'epsilon': 1e-06, 'amsgrad': False, 'learning_rate': 0.001})",<class 'keras.src.optimizers.adam.Adam'>,"{'beta_1': 0.99, 'beta_2': 0.9995, 'epsilon': 1e-06, 'amsgrad': False, 'learning_rate': 0.001}","(<class '__main__.CustomLossWrapper'>, {'loss_function': <function custom_median_loss_scaled at 0x000001BAFB5578B0>, 'lambda_sign': 2.0})",<class '__main__.CustomLossWrapper'>,"{'loss_function': <function custom_median_loss_scaled at 0x000001BAFB5578B0>, 'lambda_sign': 2.0}","[(<class 'keras.src.metrics.regression_metrics.MeanSquaredError'>, {}), (<class 'keras.src.metrics.regression_metrics.MeanAbsoluteError'>, {}), (<class 'keras.src.metrics.regression_metrics.MeanAbsolutePercentageError'>, {}), (<class 'keras.src.metrics.regression_metrics.RootMeanSquaredError'>, {}), (<class 'keras.src.metrics.regression_metrics.CosineSimilarity'>, {}), (<class 'keras.src.metrics.regression_metrics.LogCoshError'>, {}), (<class 'tensorflow_addons.metrics.r_square.RSquare'>, {})]",200,"[{'nodes': 128, 'activation': 'softplus', 'l2_reg': 0.0001, 'l1_reg': 0.001}]",0.99,True,PCA(n_components=0.99),1,True,"{'enabled': True, 'contamination': 0.05, 'remove_outliers': False}",False,True,"{'method': <function cosine_annealing_50 at 0x000001BAC637EB80>, 'description': 'Cosine Annealing with 50 epochs cycle'}",True,0.5,val_root_mean_squared_error,<keras.src.engine.sequential.Sequential object at 0x000001BB40576700>,StandardScaler(),IsolationForest(contamination=0.05),"[1.04601736e+01 3.11995422e+02 1.32530174e+01 3.43662201e+02
 1.76633930e+01 1.08599685e-01 1.25826311e+01 6.37930632e-03]",[0. 0. 0. 0. 0. 0. 0. 0.],13.253016944136535,10.156062397096344,0.5542998410736358,1.3018585834389873,0.7631213284874123,16.46950218041726,12.377118391733887,9.357787865131877,10.942619739160717,0.5633852566140369,0.041637382560457195,1.2229771478050555,0.7123149794259009,16.96207479624132,12.75963539764799,9.845812945853584,11.241863518838368,0.5717803496675695,0.036522580929818006,0.039079981745137604,0.03891262499014088,0.03899621358888695
0.001,64,"(<class 'keras.src.optimizers.adam.Adam'>, {'beta_1': 0.99, 'beta_2': 0.9995, 'epsilon': 1e-06, 'amsgrad': False, 'learning_rate': 0.001})",<class 'keras.src.optimizers.adam.Adam'>,"{'beta_1': 0.99, 'beta_2': 0.9995, 'epsilon': 1e-06, 'amsgrad': False, 'learning_rate': 0.001}","(<class '__main__.CustomLossWrapper'>, {'loss_function': <function custom_median_loss_scaled at 0x000001BAFB5578B0>, 'lambda_sign': 2.0})",<class '__main__.CustomLossWrapper'>,"{'loss_function': <function custom_median_loss_scaled at 0x000001BAFB5578B0>, 'lambda_sign': 2.0}","[(<class 'keras.src.metrics.regression_metrics.MeanSquaredError'>, {}), (<class 'keras.src.metrics.regression_metrics.MeanAbsoluteError'>, {}), (<class 'keras.src.metrics.regression_metrics.MeanAbsolutePercentageError'>, {}), (<class 'keras.src.metrics.regression_metrics.RootMeanSquaredError'>, {}), (<class 'keras.src.metrics.regression_metrics.CosineSimilarity'>, {}), (<class 'keras.src.metrics.regression_metrics.LogCoshError'>, {}), (<class 'tensorflow_addons.metrics.r_square.RSquare'>, {})]",200,"[{'nodes': 128, 'activation': 'softplus', 'l2_reg': 0.0001, 'l1_reg': 0.001}]",0.99,True,PCA(n_components=0.99),1,True,"{'enabled': True, 'contamination': 0.05, 'remove_outliers': False}",False,True,"{'method': <function cosine_annealing_50 at 0x000001BAC637EB80>, 'description': 'Cosine Annealing with 50 epochs cycle'}",True,0.6,val_root_mean_squared_error,<keras.src.engine.sequential.Sequential object at 0x000001BC09F454C0>,StandardScaler(),IsolationForest(contamination=0.05),"[1.06434269e+01 3.12011841e+02 1.32963314e+01 2.28252014e+02
 1.76638565e+01 1.08952850e-01 1.26247931e+01 6.32697344e-03]",[0. 0. 0. 0. 0. 0. 0. 0.],13.296329599914438,10.318276317435382,0.5544764259226559,0.35826618767246177,-0.10135979851798371,16.48058806230751,12.358654946124496,9.37145201712702,10.908546872035732,0.5615485147115962,0.040237990667855064,-0.2802180760625831,-0.6855367139631858,17.037568624687882,12.76896025251657,9.822176541162808,11.282324823505125,0.5631617828121153,0.03883555826473258,0.03953677446629382,0.039524337838168,0.039530555663148115
0.001,64,"(<class 'keras.src.optimizers.adam.Adam'>, {'beta_1': 0.99, 'beta_2': 0.9995, 'epsilon': 1e-06, 'amsgrad': False, 'learning_rate': 0.001})",<class 'keras.src.optimizers.adam.Adam'>,"{'beta_1': 0.99, 'beta_2': 0.9995, 'epsilon': 1e-06, 'amsgrad': False, 'learning_rate': 0.001}","(<class '__main__.CustomLossWrapper'>, {'loss_function': <function custom_median_loss_scaled at 0x000001BAFB5578B0>, 'lambda_sign': 2.0})",<class '__main__.CustomLossWrapper'>,"{'loss_function': <function custom_median_loss_scaled at 0x000001BAFB5578B0>, 'lambda_sign': 2.0}","[(<class 'keras.src.metrics.regression_metrics.MeanSquaredError'>, {}), (<class 'keras.src.metrics.regression_metrics.MeanAbsoluteError'>, {}), (<class 'keras.src.metrics.regression_metrics.MeanAbsolutePercentageError'>, {}), (<class 'keras.src.metrics.regression_metrics.RootMeanSquaredError'>, {}), (<class 'keras.src.metrics.regression_metrics.CosineSimilarity'>, {}), (<class 'keras.src.metrics.regression_metrics.LogCoshError'>, {}), (<class 'tensorflow_addons.metrics.r_square.RSquare'>, {})]",200,"[{'nodes': 128, 'activation': 'softplus', 'l2_reg': 0.0001, 'l1_reg': 0.001}]",0.99,True,PCA(n_components=0.99),1,True,"{'enabled': True, 'contamination': 0.05, 'remove_outliers': False}",False,True,"{'method': <function cosine_annealing_50 at 0x000001BAC637EB80>, 'description': 'Cosine Annealing with 50 epochs cycle'}",True,0.7,val_root_mean_squared_error,<keras.src.engine.sequential.Sequential object at 0x000001BC1231D490>,StandardScaler(),IsolationForest(contamination=0.05),"[1.06618681e+01 3.10324890e+02 1.32398758e+01 1.65083344e+02
 1.76160412e+01 1.19901113e-01 1.25711088e+01 1.16994977e-02]",[0. 0. 0. 0. 0. 0. 0. 0.],13.239873149011647,10.18778624406228,0.5599505562422744,1.218912094874068,0.7599130602750133,16.204017677204895,12.226155554350917,9.407184492938834,10.703823071542805,0.5598530606478047,0.03657850730061559,0.9610837934773425,0.5008989830024131,16.74068247111147,12.629759083348052,9.785862823894963,11.029224321009616,0.5710416153656734,0.04238909384198545,0.03948380057130052,0.03927002355727056,0.03937676698975608
0.001,64,"(<class 'keras.src.optimizers.adam.Adam'>, {'beta_1': 0.99, 'beta_2': 0.9995, 'epsilon': 1e-06, 'amsgrad': False, 'learning_rate': 0.001})",<class 'keras.src.optimizers.adam.Adam'>,"{'beta_1': 0.99, 'beta_2': 0.9995, 'epsilon': 1e-06, 'amsgrad': False, 'learning_rate': 0.001}","(<class '__main__.CustomLossWrapper'>, {'loss_function': <function custom_median_loss_scaled at 0x000001BAFB5578B0>, 'lambda_sign': 2.0})",<class '__main__.CustomLossWrapper'>,"{'loss_function': <function custom_median_loss_scaled at 0x000001BAFB5578B0>, 'lambda_sign': 2.0}","[(<class 'keras.src.metrics.regression_metrics.MeanSquaredError'>, {}), (<class 'keras.src.metrics.regression_metrics.MeanAbsoluteError'>, {}), (<class 'keras.src.metrics.regression_metrics.MeanAbsolutePercentageError'>, {}), (<class 'keras.src.metrics.regression_metrics.RootMeanSquaredError'>, {}), (<class 'keras.src.metrics.regression_metrics.CosineSimilarity'>, {}), (<class 'keras.src.metrics.regression_metrics.LogCoshError'>, {}), (<class 'tensorflow_addons.metrics.r_square.RSquare'>, {})]",200,"[{'nodes': 128, 'activation': 'softplus', 'l2_reg': 0.0001, 'l1_reg': 0.001}]",0.99,True,PCA(n_components=0.99),1,True,"{'enabled': True, 'contamination': 0.05, 'remove_outliers': False}",False,True,"{'method': <function cosine_annealing_50 at 0x000001BAC637EB80>, 'description': 'Cosine Annealing with 50 epochs cycle'}",True,0.9,val_root_mean_squared_error,<keras.src.engine.sequential.Sequential object at 0x000001BC1A9DD610>,StandardScaler(),IsolationForest(contamination=0.05),"[1.06059380e+01 3.11160553e+02 1.32766352e+01 2.16398956e+02
 1.76397438e+01 1.20254286e-01 1.26073484e+01 9.03815031e-03]",[0. 0. 0. 0. 0. 0. 0. 0.],13.276639600817518,10.207748696131627,0.5601271410912944,0.1400541994499881,-0.33101967125390397,16.208343875830305,12.216133665748572,9.410343603759674,10.653207681662012,0.5643036275652573,0.03625497210632854,-0.18759560064275368,-0.6213867596796268,16.783208701231995,12.656496027448156,9.800220903613292,11.022915859182797,0.5672248214725437,0.040984061503274834,0.03861951680480169,0.03847474358924498,0.038547062230542065
0.001,64,"(<class 'keras.src.optimizers.adam.Adam'>, {'beta_1': 0.99, 'beta_2': 0.9995, 'epsilon': 1e-06, 'amsgrad': False, 'learning_rate': 0.001})",<class 'keras.src.optimizers.adam.Adam'>,"{'beta_1': 0.99, 'beta_2': 0.9995, 'epsilon': 1e-06, 'amsgrad': False, 'learning_rate': 0.001}","(<class '__main__.CustomLossWrapper'>, {'loss_function': <function custom_median_loss_scaled at 0x000001BAFB5578B0>, 'lambda_sign': 2.0})",<class '__main__.CustomLossWrapper'>,"{'loss_function': <function custom_median_loss_scaled at 0x000001BAFB5578B0>, 'lambda_sign': 2.0}","[(<class 'keras.src.metrics.regression_metrics.MeanSquaredError'>, {}), (<class 'keras.src.metrics.regression_metrics.MeanAbsoluteError'>, {}), (<class 'keras.src.metrics.regression_metrics.MeanAbsolutePercentageError'>, {}), (<class 'keras.src.metrics.regression_metrics.RootMeanSquaredError'>, {}), (<class 'keras.src.metrics.regression_metrics.CosineSimilarity'>, {}), (<class 'keras.src.metrics.regression_metrics.LogCoshError'>, {}), (<class 'tensorflow_addons.metrics.r_square.RSquare'>, {})]",200,"[{'nodes': 128, 'activation': 'softplus', 'l2_reg': 0.0001, 'l1_reg': 0.001}]",0.99,True,PCA(n_components=0.99),1,True,"{'enabled': True, 'contamination': 0.05, 'remove_outliers': False}",False,True,"{'method': <function cosine_annealing_50 at 0x000001BAC637EB80>, 'description': 'Cosine Annealing with 50 epochs cycle'}",True,0.9,val_root_mean_squared_error,<keras.src.engine.sequential.Sequential object at 0x000001BC259574F0>,StandardScaler(),IsolationForest(contamination=0.05),"[1.05908899e+01 3.10561462e+02 1.32538795e+01 2.07595200e+02
 1.76227551e+01 1.06833830e-01 1.25843439e+01 1.09460354e-02]",[0. 0. 0. 0. 0. 0. 0. 0.],13.253876479951987,10.188189335983818,0.5534169168285361,0.7418613680688415,0.18928367011206415,16.207878218015058,12.206418944153684,9.362100953075696,10.688487618911727,0.5638444420896471,0.0411956646768442,0.4739188018295562,-0.014515952295726636,16.78147071890743,12.641844419937355,9.731861111386527,11.045654188899343,0.5653779857178035,0.0476735158474745,0.044434590262159346,0.044198498539802615,0.04431638718147924
0.001,64,"(<class 'keras.src.optimizers.adam.Adam'>, {'beta_1': 0.99, 'beta_2': 0.9995, 'epsilon': 1e-06, 'amsgrad': False, 'learning_rate': 0.001})",<class 'keras.src.optimizers.adam.Adam'>,"{'beta_1': 0.99, 'beta_2': 0.9995, 'epsilon': 1e-06, 'amsgrad': False, 'learning_rate': 0.001}","(<class '__main__.CustomLossWrapper'>, {'loss_function': <function custom_median_loss_scaled at 0x000001BAFB5578B0>, 'lambda_sign': 1.0})",<class '__main__.CustomLossWrapper'>,"{'loss_function': <function custom_median_loss_scaled at 0x000001BAFB5578B0>, 'lambda_sign': 1.0}","[(<class 'keras.src.metrics.regression_metrics.MeanSquaredError'>, {}), (<class 'keras.src.metrics.regression_metrics.MeanAbsoluteError'>, {}), (<class 'keras.src.metrics.regression_metrics.MeanAbsolutePercentageError'>, {}), (<class 'keras.src.metrics.regression_metrics.RootMeanSquaredError'>, {}), (<class 'keras.src.metrics.regression_metrics.CosineSimilarity'>, {}), (<class 'keras.src.metrics.regression_metrics.LogCoshError'>, {}), (<class 'tensorflow_addons.metrics.r_square.RSquare'>, {})]",200,"[{'nodes': 128, 'activation': 'softplus', 'l2_reg': 0.0001, 'l1_reg': 0.001}]",0.99,True,PCA(n_components=0.99),1,True,"{'enabled': True, 'contamination': 0.05, 'remove_outliers': False}",False,True,"{'method': <function cosine_annealing_50 at 0x000001BAC637EB80>, 'description': 'Cosine Annealing with 50 epochs cycle'}",False,,val_root_mean_squared_error,<keras.src.engine.sequential.Sequential object at 0x000001BC2B66CEB0>,StandardScaler(),IsolationForest(contamination=0.05),"[ 1.06122723e+01  3.14748077e+02  1.33493166e+01  2.40054871e+02
  1.77411404e+01  6.19812831e-02  1.26798353e+01 -2.38716602e-03]",[0. 0. 0. 0. 0. 0. 0. 0.],13.34931677279025,10.3316242342177,0.530990641003002,1.1887016869984162,0.5753981493794812,16.320010312880108,12.346322338400663,9.580179501688447,10.7386562737582,0.5395429338419696,0.018861504972852404,1.055663061181794,0.4023527417126538,16.88908332540534,12.78203924624401,10.009730605008567,11.088509896700728,0.5358286136419601,0.020482162119182495,0.01967183354601745,0.01963845422756441,0.0196551368009925
0.001,64,"(<class 'keras.src.optimizers.adam.Adam'>, {'beta_1': 0.99, 'beta_2': 0.9995, 'epsilon': 1e-06, 'amsgrad': False, 'learning_rate': 0.001})",<class 'keras.src.optimizers.adam.Adam'>,"{'beta_1': 0.99, 'beta_2': 0.9995, 'epsilon': 1e-06, 'amsgrad': False, 'learning_rate': 0.001}","(<class '__main__.CustomLossWrapper'>, {'loss_function': <function custom_median_loss_scaled at 0x000001BAFB5578B0>, 'lambda_sign': 1.0})",<class '__main__.CustomLossWrapper'>,"{'loss_function': <function custom_median_loss_scaled at 0x000001BAFB5578B0>, 'lambda_sign': 1.0}","[(<class 'keras.src.metrics.regression_metrics.MeanSquaredError'>, {}), (<class 'keras.src.metrics.regression_metrics.MeanAbsoluteError'>, {}), (<class 'keras.src.metrics.regression_metrics.MeanAbsolutePercentageError'>, {}), (<class 'keras.src.metrics.regression_metrics.RootMeanSquaredError'>, {}), (<class 'keras.src.metrics.regression_metrics.CosineSimilarity'>, {}), (<class 'keras.src.metrics.regression_metrics.LogCoshError'>, {}), (<class 'tensorflow_addons.metrics.r_square.RSquare'>, {})]",200,"[{'nodes': 128, 'activation': 'softplus', 'l2_reg': 0.0001, 'l1_reg': 0.001}]",0.99,True,PCA(n_components=0.99),1,True,"{'enabled': True, 'contamination': 0.05, 'remove_outliers': False}",False,True,"{'method': <function cosine_annealing_50 at 0x000001BAC637EB80>, 'description': 'Cosine Annealing with 50 epochs cycle'}",True,0.1,val_root_mean_squared_error,<keras.src.engine.sequential.Sequential object at 0x000001BC33DD0280>,StandardScaler(),IsolationForest(contamination=0.05),"[1.05847797e+01 3.12929138e+02 1.32828646e+01 1.92878220e+02
 1.76898041e+01 9.44728926e-02 1.26125994e+01 3.40574980e-03]",[0. 0. 0. 0. 0. 0. 0. 0.],13.282867110175136,10.236768452839698,0.5472364471128377,1.9879810690969408,1.5498309513394135,16.32866514110509,12.365266234444412,9.400815593738006,10.847686558009581,0.5478789163222776,0.03723076774894836,1.5803034712278106,1.1457809083983552,16.839082265802702,12.70690684532989,9.709701883799664,11.160958475662923,0.5598374784535829,0.04984194170742049,0.04353635472818443,0.042623085176772685,0.043077299774540126
0.001,64,"(<class 'keras.src.optimizers.adam.Adam'>, {'beta_1': 0.99, 'beta_2': 0.9995, 'epsilon': 1e-06, 'amsgrad': False, 'learning_rate': 0.001})",<class 'keras.src.optimizers.adam.Adam'>,"{'beta_1': 0.99, 'beta_2': 0.9995, 'epsilon': 1e-06, 'amsgrad': False, 'learning_rate': 0.001}","(<class '__main__.CustomLossWrapper'>, {'loss_function': <function custom_median_loss_scaled at 0x000001BAFB5578B0>, 'lambda_sign': 1.0})",<class '__main__.CustomLossWrapper'>,"{'loss_function': <function custom_median_loss_scaled at 0x000001BAFB5578B0>, 'lambda_sign': 1.0}","[(<class 'keras.src.metrics.regression_metrics.MeanSquaredError'>, {}), (<class 'keras.src.metrics.regression_metrics.MeanAbsoluteError'>, {}), (<class 'keras.src.metrics.regression_metrics.MeanAbsolutePercentageError'>, {}), (<class 'keras.src.metrics.regression_metrics.RootMeanSquaredError'>, {}), (<class 'keras.src.metrics.regression_metrics.CosineSimilarity'>, {}), (<class 'keras.src.metrics.regression_metrics.LogCoshError'>, {}), (<class 'tensorflow_addons.metrics.r_square.RSquare'>, {})]",200,"[{'nodes': 128, 'activation': 'softplus', 'l2_reg': 0.0001, 'l1_reg': 0.001}]",0.99,True,PCA(n_components=0.99),1,True,"{'enabled': True, 'contamination': 0.05, 'remove_outliers': False}",False,True,"{'method': <function cosine_annealing_50 at 0x000001BAC637EB80>, 'description': 'Cosine Annealing with 50 epochs cycle'}",True,0.2,val_root_mean_squared_error,<keras.src.engine.sequential.Sequential object at 0x000001BC346D5EE0>,StandardScaler(),IsolationForest(contamination=0.05),"[1.05068865e+01 3.11950592e+02 1.32711420e+01 1.67052917e+02
 1.76621227e+01 1.07187003e-01 1.25999231e+01 6.52205944e-03]",[0. 0. 0. 0. 0. 0. 0. 0.],13.271142043373679,10.216669242603231,0.553593501677556,0.497012803901994,-0.025525089169653903,16.37763099585352,12.325623965264853,9.434263379981147,10.795714659941405,0.5586521140192858,0.03380526714629254,0.13024660736080204,-0.3305527070356592,16.785181218479806,12.655221882777521,9.779669834447489,11.026554895038151,0.5620536813592711,0.0429951185066825,0.03840019282648752,0.03785036897268771,0.03812428972590714
0.001,64,"(<class 'keras.src.optimizers.adam.Adam'>, {'beta_1': 0.99, 'beta_2': 0.9995, 'epsilon': 1e-06, 'amsgrad': False, 'learning_rate': 0.001})",<class 'keras.src.optimizers.adam.Adam'>,"{'beta_1': 0.99, 'beta_2': 0.9995, 'epsilon': 1e-06, 'amsgrad': False, 'learning_rate': 0.001}","(<class '__main__.CustomLossWrapper'>, {'loss_function': <function custom_median_loss_scaled at 0x000001BAFB5578B0>, 'lambda_sign': 1.0})",<class '__main__.CustomLossWrapper'>,"{'loss_function': <function custom_median_loss_scaled at 0x000001BAFB5578B0>, 'lambda_sign': 1.0}","[(<class 'keras.src.metrics.regression_metrics.MeanSquaredError'>, {}), (<class 'keras.src.metrics.regression_metrics.MeanAbsoluteError'>, {}), (<class 'keras.src.metrics.regression_metrics.MeanAbsolutePercentageError'>, {}), (<class 'keras.src.metrics.regression_metrics.RootMeanSquaredError'>, {}), (<class 'keras.src.metrics.regression_metrics.CosineSimilarity'>, {}), (<class 'keras.src.metrics.regression_metrics.LogCoshError'>, {}), (<class 'tensorflow_addons.metrics.r_square.RSquare'>, {})]",200,"[{'nodes': 128, 'activation': 'softplus', 'l2_reg': 0.0001, 'l1_reg': 0.001}]",0.99,True,PCA(n_components=0.99),1,True,"{'enabled': True, 'contamination': 0.05, 'remove_outliers': False}",False,True,"{'method': <function cosine_annealing_50 at 0x000001BAC637EB80>, 'description': 'Cosine Annealing with 50 epochs cycle'}",True,0.3,val_root_mean_squared_error,<keras.src.engine.sequential.Sequential object at 0x000001BC39A49040>,StandardScaler(),IsolationForest(contamination=0.05),"[1.04437227e+01 3.12253601e+02 1.32659683e+01 2.75450104e+02
 1.76706982e+01 1.17428921e-01 1.25962162e+01 5.55711985e-03]",[0. 0. 0. 0. 0. 0. 0. 0.],13.265973946194002,10.23337308819183,0.5587144622991347,1.303385098445398,0.6691186711924555,16.495077099484394,12.379088210733073,9.384387600845077,10.97903471706105,0.5629260711384267,0.03891321390984172,0.8345556410425544,0.17500457841284878,17.08289413003236,12.813259286813498,9.816158070852822,11.327930548582348,0.5656242304851022,0.03942450508638204,0.03916885949811188,0.03916719096173785,0.03916802522104002
0.001,64,"(<class 'keras.src.optimizers.adam.Adam'>, {'beta_1': 0.99, 'beta_2': 0.9995, 'epsilon': 1e-06, 'amsgrad': False, 'learning_rate': 0.001})",<class 'keras.src.optimizers.adam.Adam'>,"{'beta_1': 0.99, 'beta_2': 0.9995, 'epsilon': 1e-06, 'amsgrad': False, 'learning_rate': 0.001}","(<class '__main__.CustomLossWrapper'>, {'loss_function': <function custom_median_loss_scaled at 0x000001BAFB5578B0>, 'lambda_sign': 1.0})",<class '__main__.CustomLossWrapper'>,"{'loss_function': <function custom_median_loss_scaled at 0x000001BAFB5578B0>, 'lambda_sign': 1.0}","[(<class 'keras.src.metrics.regression_metrics.MeanSquaredError'>, {}), (<class 'keras.src.metrics.regression_metrics.MeanAbsoluteError'>, {}), (<class 'keras.src.metrics.regression_metrics.MeanAbsolutePercentageError'>, {}), (<class 'keras.src.metrics.regression_metrics.RootMeanSquaredError'>, {}), (<class 'keras.src.metrics.regression_metrics.CosineSimilarity'>, {}), (<class 'keras.src.metrics.regression_metrics.LogCoshError'>, {}), (<class 'tensorflow_addons.metrics.r_square.RSquare'>, {})]",200,"[{'nodes': 128, 'activation': 'softplus', 'l2_reg': 0.0001, 'l1_reg': 0.001}]",0.99,True,PCA(n_components=0.99),1,True,"{'enabled': True, 'contamination': 0.05, 'remove_outliers': False}",False,True,"{'method': <function cosine_annealing_50 at 0x000001BAC637EB80>, 'description': 'Cosine Annealing with 50 epochs cycle'}",True,0.4,val_root_mean_squared_error,<keras.src.engine.sequential.Sequential object at 0x000001BC3A1A3280>,StandardScaler(),IsolationForest(contamination=0.05),"[1.04584208e+01 3.12868896e+02 1.32569962e+01 3.63900421e+02
 1.76881008e+01 1.17782094e-01 1.25864868e+01 3.59749794e-03]",[0. 0. 0. 0. 0. 0. 0. 0.],13.256994141069061,10.151659510491879,0.5588910471481547,1.65865880424977,1.1042636306205638,16.427112332454417,12.353036581416157,9.307503801011638,10.954376421139097,0.5607714315990251,0.04678714316630859,1.2613409837647174,0.7860448688512272,16.97743134904829,12.749343122299456,9.717714634449072,11.28089476343958,0.5662398424033489,0.049057841465236215,0.047922492315772405,0.04789559434722155,0.04790904144380345
0.001,64,"(<class 'keras.src.optimizers.adam.Adam'>, {'beta_1': 0.99, 'beta_2': 0.9995, 'epsilon': 1e-06, 'amsgrad': False, 'learning_rate': 0.001})",<class 'keras.src.optimizers.adam.Adam'>,"{'beta_1': 0.99, 'beta_2': 0.9995, 'epsilon': 1e-06, 'amsgrad': False, 'learning_rate': 0.001}","(<class '__main__.CustomLossWrapper'>, {'loss_function': <function custom_median_loss_scaled at 0x000001BAFB5578B0>, 'lambda_sign': 1.0})",<class '__main__.CustomLossWrapper'>,"{'loss_function': <function custom_median_loss_scaled at 0x000001BAFB5578B0>, 'lambda_sign': 1.0}","[(<class 'keras.src.metrics.regression_metrics.MeanSquaredError'>, {}), (<class 'keras.src.metrics.regression_metrics.MeanAbsoluteError'>, {}), (<class 'keras.src.metrics.regression_metrics.MeanAbsolutePercentageError'>, {}), (<class 'keras.src.metrics.regression_metrics.RootMeanSquaredError'>, {}), (<class 'keras.src.metrics.regression_metrics.CosineSimilarity'>, {}), (<class 'keras.src.metrics.regression_metrics.LogCoshError'>, {}), (<class 'tensorflow_addons.metrics.r_square.RSquare'>, {})]",200,"[{'nodes': 128, 'activation': 'softplus', 'l2_reg': 0.0001, 'l1_reg': 0.001}]",0.99,True,PCA(n_components=0.99),1,True,"{'enabled': True, 'contamination': 0.05, 'remove_outliers': False}",False,True,"{'method': <function cosine_annealing_50 at 0x000001BAC637EB80>, 'description': 'Cosine Annealing with 50 epochs cycle'}",True,0.5,val_root_mean_squared_error,<keras.src.engine.sequential.Sequential object at 0x000001BC42D021C0>,StandardScaler(),IsolationForest(contamination=0.05),"[1.04418125e+01 3.11759827e+02 1.32462740e+01 3.28325378e+02
 1.76567211e+01 1.20607451e-01 1.25757580e+01 7.12966919e-03]",[0. 0. 0. 0. 0. 0. 0. 0.],13.246280966030263,10.128139822548818,0.5603037259403143,1.15115884707654,0.6321986167903992,16.446012318290684,12.37542681990166,9.40247869896042,10.892196101235216,0.565151354597153,0.037060443533759695,0.873960001457844,0.45621873551642,16.9268633019172,12.741758642745035,9.87274439922572,11.17632302645365,0.5657473528687516,0.03388716145460629,0.03547380249418299,0.03540283660917865,0.03543830178786555
0.001,64,"(<class 'keras.src.optimizers.adam.Adam'>, {'beta_1': 0.99, 'beta_2': 0.9995, 'epsilon': 1e-06, 'amsgrad': False, 'learning_rate': 0.001})",<class 'keras.src.optimizers.adam.Adam'>,"{'beta_1': 0.99, 'beta_2': 0.9995, 'epsilon': 1e-06, 'amsgrad': False, 'learning_rate': 0.001}","(<class '__main__.CustomLossWrapper'>, {'loss_function': <function custom_median_loss_scaled at 0x000001BAFB5578B0>, 'lambda_sign': 1.0})",<class '__main__.CustomLossWrapper'>,"{'loss_function': <function custom_median_loss_scaled at 0x000001BAFB5578B0>, 'lambda_sign': 1.0}","[(<class 'keras.src.metrics.regression_metrics.MeanSquaredError'>, {}), (<class 'keras.src.metrics.regression_metrics.MeanAbsoluteError'>, {}), (<class 'keras.src.metrics.regression_metrics.MeanAbsolutePercentageError'>, {}), (<class 'keras.src.metrics.regression_metrics.RootMeanSquaredError'>, {}), (<class 'keras.src.metrics.regression_metrics.CosineSimilarity'>, {}), (<class 'keras.src.metrics.regression_metrics.LogCoshError'>, {}), (<class 'tensorflow_addons.metrics.r_square.RSquare'>, {})]",200,"[{'nodes': 128, 'activation': 'softplus', 'l2_reg': 0.0001, 'l1_reg': 0.001}]",0.99,True,PCA(n_components=0.99),1,True,"{'enabled': True, 'contamination': 0.05, 'remove_outliers': False}",False,True,"{'method': <function cosine_annealing_50 at 0x000001BAC637EB80>, 'description': 'Cosine Annealing with 50 epochs cycle'}",True,0.6,val_root_mean_squared_error,<keras.src.engine.sequential.Sequential object at 0x000001BC44688DC0>,StandardScaler(),IsolationForest(contamination=0.05),"[1.05221310e+01 3.11009949e+02 1.32672033e+01 2.11957001e+02
 1.76354733e+01 1.06833830e-01 1.25969563e+01 9.51778889e-03]",[0. 0. 0. 0. 0. 0. 0. 0.],13.267199910185253,10.22379383064498,0.5534169168285361,0.4965841152428001,-0.03608078439663842,16.392314641533645,12.30940200433417,9.366589855234583,10.836413330791448,0.5621136660661934,0.040735941066475746,-0.0015626062465960776,-0.41854356922296626,16.89106907934399,12.700014826159222,9.70984269240559,11.135438006634491,0.5690716572272839,0.049828162661142886,0.04528205186380932,0.04482564314267204,0.045053269555217455
0.001,64,"(<class 'keras.src.optimizers.adam.Adam'>, {'beta_1': 0.99, 'beta_2': 0.9995, 'epsilon': 1e-06, 'amsgrad': False, 'learning_rate': 0.001})",<class 'keras.src.optimizers.adam.Adam'>,"{'beta_1': 0.99, 'beta_2': 0.9995, 'epsilon': 1e-06, 'amsgrad': False, 'learning_rate': 0.001}","(<class '__main__.CustomLossWrapper'>, {'loss_function': <function custom_median_loss_scaled at 0x000001BAFB5578B0>, 'lambda_sign': 1.0})",<class '__main__.CustomLossWrapper'>,"{'loss_function': <function custom_median_loss_scaled at 0x000001BAFB5578B0>, 'lambda_sign': 1.0}","[(<class 'keras.src.metrics.regression_metrics.MeanSquaredError'>, {}), (<class 'keras.src.metrics.regression_metrics.MeanAbsoluteError'>, {}), (<class 'keras.src.metrics.regression_metrics.MeanAbsolutePercentageError'>, {}), (<class 'keras.src.metrics.regression_metrics.RootMeanSquaredError'>, {}), (<class 'keras.src.metrics.regression_metrics.CosineSimilarity'>, {}), (<class 'keras.src.metrics.regression_metrics.LogCoshError'>, {}), (<class 'tensorflow_addons.metrics.r_square.RSquare'>, {})]",200,"[{'nodes': 128, 'activation': 'softplus', 'l2_reg': 0.0001, 'l1_reg': 0.001}]",0.99,True,PCA(n_components=0.99),1,True,"{'enabled': True, 'contamination': 0.05, 'remove_outliers': False}",False,True,"{'method': <function cosine_annealing_50 at 0x000001BAC637EB80>, 'description': 'Cosine Annealing with 50 epochs cycle'}",True,0.7,val_root_mean_squared_error,<keras.src.engine.sequential.Sequential object at 0x000001BC546D58B0>,StandardScaler(),IsolationForest(contamination=0.05),"[1.04785166e+01 3.10481995e+02 1.32504568e+01 2.51290298e+02
 1.76204987e+01 1.13544054e-01 1.25795393e+01 1.11991763e-02]",[0. 0. 0. 0. 0. 0. 0. 0.],13.250456940819353,10.125249852454278,0.5567720289599153,0.5457349026754805,0.027229229744285988,16.41895952316169,12.30294962683042,9.316735609419165,10.886328710619324,0.5629260711384267,0.04584168253002886,0.02685975522364976,-0.48211395396350465,16.93517121166669,12.68710857124443,9.783991702037948,11.216871268344374,0.5699335139128293,0.04257219539667439,0.04420693896335162,0.04414648721999505,0.04417670275134512
0.001,64,"(<class 'keras.src.optimizers.adam.Adam'>, {'beta_1': 0.99, 'beta_2': 0.9995, 'epsilon': 1e-06, 'amsgrad': False, 'learning_rate': 0.001})",<class 'keras.src.optimizers.adam.Adam'>,"{'beta_1': 0.99, 'beta_2': 0.9995, 'epsilon': 1e-06, 'amsgrad': False, 'learning_rate': 0.001}","(<class '__main__.CustomLossWrapper'>, {'loss_function': <function custom_median_loss_scaled at 0x000001BAFB5578B0>, 'lambda_sign': 1.0})",<class '__main__.CustomLossWrapper'>,"{'loss_function': <function custom_median_loss_scaled at 0x000001BAFB5578B0>, 'lambda_sign': 1.0}","[(<class 'keras.src.metrics.regression_metrics.MeanSquaredError'>, {}), (<class 'keras.src.metrics.regression_metrics.MeanAbsoluteError'>, {}), (<class 'keras.src.metrics.regression_metrics.MeanAbsolutePercentageError'>, {}), (<class 'keras.src.metrics.regression_metrics.RootMeanSquaredError'>, {}), (<class 'keras.src.metrics.regression_metrics.CosineSimilarity'>, {}), (<class 'keras.src.metrics.regression_metrics.LogCoshError'>, {}), (<class 'tensorflow_addons.metrics.r_square.RSquare'>, {})]",200,"[{'nodes': 128, 'activation': 'softplus', 'l2_reg': 0.0001, 'l1_reg': 0.001}]",0.99,True,PCA(n_components=0.99),1,True,"{'enabled': True, 'contamination': 0.05, 'remove_outliers': False}",False,True,"{'method': <function cosine_annealing_50 at 0x000001BAC637EB80>, 'description': 'Cosine Annealing with 50 epochs cycle'}",True,0.9,val_root_mean_squared_error,<keras.src.engine.sequential.Sequential object at 0x000001BC596598B0>,StandardScaler(),IsolationForest(contamination=0.05),"[1.05239506e+01 3.10777893e+02 1.32540150e+01 2.21330917e+02
 1.76288929e+01 1.18135266e-01 1.25838699e+01 1.02568865e-02]",[0. 0. 0. 0. 0. 0. 0. 0.],13.254013378640426,10.147024807645725,0.5590676319971747,0.6289694944576635,0.12733080822247356,16.20062571439359,12.197195837834998,9.332390509715067,10.680779406985794,0.5647274910812052,0.044238411389502345,0.3046678367901483,-0.11598200878148943,16.74577418245656,12.622149559127015,9.776759715790593,11.007974804159948,0.5719034720512189,0.0432798927176241,0.04375915205356322,0.043753903105621925,0.04375652750088587
0.001,64,"(<class 'keras.src.optimizers.adam.Adam'>, {'beta_1': 0.99, 'beta_2': 0.9995, 'epsilon': 1e-06, 'amsgrad': False, 'learning_rate': 0.001})",<class 'keras.src.optimizers.adam.Adam'>,"{'beta_1': 0.99, 'beta_2': 0.9995, 'epsilon': 1e-06, 'amsgrad': False, 'learning_rate': 0.001}","(<class '__main__.CustomLossWrapper'>, {'loss_function': <function custom_median_loss_scaled at 0x000001BAFB5578B0>, 'lambda_sign': 1.0})",<class '__main__.CustomLossWrapper'>,"{'loss_function': <function custom_median_loss_scaled at 0x000001BAFB5578B0>, 'lambda_sign': 1.0}","[(<class 'keras.src.metrics.regression_metrics.MeanSquaredError'>, {}), (<class 'keras.src.metrics.regression_metrics.MeanAbsoluteError'>, {}), (<class 'keras.src.metrics.regression_metrics.MeanAbsolutePercentageError'>, {}), (<class 'keras.src.metrics.regression_metrics.RootMeanSquaredError'>, {}), (<class 'keras.src.metrics.regression_metrics.CosineSimilarity'>, {}), (<class 'keras.src.metrics.regression_metrics.LogCoshError'>, {}), (<class 'tensorflow_addons.metrics.r_square.RSquare'>, {})]",200,"[{'nodes': 128, 'activation': 'softplus', 'l2_reg': 0.0001, 'l1_reg': 0.001}]",0.99,True,PCA(n_components=0.99),1,True,"{'enabled': True, 'contamination': 0.05, 'remove_outliers': False}",False,True,"{'method': <function cosine_annealing_50 at 0x000001BAC637EB80>, 'description': 'Cosine Annealing with 50 epochs cycle'}",True,0.9,val_root_mean_squared_error,<keras.src.engine.sequential.Sequential object at 0x000001BC608617C0>,StandardScaler(),IsolationForest(contamination=0.05),"[1.04996424e+01 3.10996918e+02 1.32541018e+01 2.14849289e+02
 1.76351051e+01 1.11778207e-01 1.25848770e+01 9.55927372e-03]",[0. 0. 0. 0. 0. 0. 0. 0.],13.254099248800912,10.179126600663773,0.5558891047148155,0.7653487347307238,0.29234859488873544,16.219795968604597,12.208321120354286,9.352538403690193,10.706035278365963,0.5635971883720109,0.04217499761220953,0.35362106561727075,-0.09974539542709904,16.79372585087711,12.646768411766555,9.79606167303552,11.054132495962788,0.5652548633341542,0.04139106951413459,0.04178303356317206,0.04177935657271359,0.04178119502749323
0.001,64,"(<class 'keras.src.optimizers.adam.Adam'>, {'beta_1': 0.85, 'beta_2': 0.95, 'epsilon': 1e-08, 'amsgrad': False, 'learning_rate': 0.001})",<class 'keras.src.optimizers.adam.Adam'>,"{'beta_1': 0.85, 'beta_2': 0.95, 'epsilon': 1e-08, 'amsgrad': False, 'learning_rate': 0.001}","(<class '__main__.CustomLossWrapper'>, {'loss_function': <function custom_median_loss_scaled at 0x000001BAFB5578B0>, 'lambda_sign': 2.0})",<class '__main__.CustomLossWrapper'>,"{'loss_function': <function custom_median_loss_scaled at 0x000001BAFB5578B0>, 'lambda_sign': 2.0}","[(<class 'keras.src.metrics.regression_metrics.MeanSquaredError'>, {}), (<class 'keras.src.metrics.regression_metrics.MeanAbsoluteError'>, {}), (<class 'keras.src.metrics.regression_metrics.MeanAbsolutePercentageError'>, {}), (<class 'keras.src.metrics.regression_metrics.RootMeanSquaredError'>, {}), (<class 'keras.src.metrics.regression_metrics.CosineSimilarity'>, {}), (<class 'keras.src.metrics.regression_metrics.LogCoshError'>, {}), (<class 'tensorflow_addons.metrics.r_square.RSquare'>, {})]",200,"[{'nodes': 128, 'activation': 'softplus', 'l2_reg': 0.0001, 'l1_reg': 0.001}]",0.99,True,PCA(n_components=0.99),1,True,"{'enabled': True, 'contamination': 0.05, 'remove_outliers': False}",False,True,"{'method': <function cosine_annealing_50 at 0x000001BAC637EB80>, 'description': 'Cosine Annealing with 50 epochs cycle'}",False,,val_root_mean_squared_error,<keras.src.engine.sequential.Sequential object at 0x000001BC5FB19BE0>,StandardScaler(),IsolationForest(contamination=0.05),"[1.05135880e+01 3.10360840e+02 1.32249756e+01 3.80863953e+02
 1.76170616e+01 1.18135266e-01 1.25538225e+01 1.15850568e-02]",[0. 0. 0. 0. 0. 0. 0. 0.],13.224980254194953,10.127796475273325,0.5590676319971747,0.2832358082621703,-0.3862363407496314,16.27998520743942,12.236002712753306,9.36505466475044,10.742117702880044,0.5625375295821412,0.040893165101884094,0.1495196407979568,-0.3827269075846569,16.764304322522083,12.635473932895959,9.79148394389112,11.017685656960738,0.5653779857178035,0.04183903035652571,0.0413660977292049,0.04136069075870822,0.04136339415560752
0.001,64,"(<class 'keras.src.optimizers.adam.Adam'>, {'beta_1': 0.85, 'beta_2': 0.95, 'epsilon': 1e-08, 'amsgrad': False, 'learning_rate': 0.001})",<class 'keras.src.optimizers.adam.Adam'>,"{'beta_1': 0.85, 'beta_2': 0.95, 'epsilon': 1e-08, 'amsgrad': False, 'learning_rate': 0.001}","(<class '__main__.CustomLossWrapper'>, {'loss_function': <function custom_median_loss_scaled at 0x000001BAFB5578B0>, 'lambda_sign': 2.0})",<class '__main__.CustomLossWrapper'>,"{'loss_function': <function custom_median_loss_scaled at 0x000001BAFB5578B0>, 'lambda_sign': 2.0}","[(<class 'keras.src.metrics.regression_metrics.MeanSquaredError'>, {}), (<class 'keras.src.metrics.regression_metrics.MeanAbsoluteError'>, {}), (<class 'keras.src.metrics.regression_metrics.MeanAbsolutePercentageError'>, {}), (<class 'keras.src.metrics.regression_metrics.RootMeanSquaredError'>, {}), (<class 'keras.src.metrics.regression_metrics.CosineSimilarity'>, {}), (<class 'keras.src.metrics.regression_metrics.LogCoshError'>, {}), (<class 'tensorflow_addons.metrics.r_square.RSquare'>, {})]",200,"[{'nodes': 128, 'activation': 'softplus', 'l2_reg': 0.0001, 'l1_reg': 0.001}]",0.99,True,PCA(n_components=0.99),1,True,"{'enabled': True, 'contamination': 0.05, 'remove_outliers': False}",False,True,"{'method': <function cosine_annealing_50 at 0x000001BAC637EB80>, 'description': 'Cosine Annealing with 50 epochs cycle'}",True,0.1,val_root_mean_squared_error,<keras.src.engine.sequential.Sequential object at 0x000001BC61234640>,StandardScaler(),IsolationForest(contamination=0.05),"[1.06503487e+01 3.12327972e+02 1.32965660e+01 3.89115051e+02
 1.76728039e+01 9.58855748e-02 1.26277256e+01 5.32025099e-03]",[0. 0. 0. 0. 0. 0. 0. 0.],13.296562163396121,10.289383859659143,0.5479427865089176,0.6360040325164349,0.06767071717472173,16.30572069023003,12.291250497181581,9.438570893110544,10.733166700146192,0.5481261700399138,0.033364120198227334,0.3874233539170093,-0.025378624955940232,16.870486517634202,12.711734008110582,9.862701560386268,11.097538087996389,0.5525732578182714,0.03486991915053098,0.03411701967437916,0.03410040457650133,0.03410871111374314
0.001,64,"(<class 'keras.src.optimizers.adam.Adam'>, {'beta_1': 0.85, 'beta_2': 0.95, 'epsilon': 1e-08, 'amsgrad': False, 'learning_rate': 0.001})",<class 'keras.src.optimizers.adam.Adam'>,"{'beta_1': 0.85, 'beta_2': 0.95, 'epsilon': 1e-08, 'amsgrad': False, 'learning_rate': 0.001}","(<class '__main__.CustomLossWrapper'>, {'loss_function': <function custom_median_loss_scaled at 0x000001BAFB5578B0>, 'lambda_sign': 2.0})",<class '__main__.CustomLossWrapper'>,"{'loss_function': <function custom_median_loss_scaled at 0x000001BAFB5578B0>, 'lambda_sign': 2.0}","[(<class 'keras.src.metrics.regression_metrics.MeanSquaredError'>, {}), (<class 'keras.src.metrics.regression_metrics.MeanAbsoluteError'>, {}), (<class 'keras.src.metrics.regression_metrics.MeanAbsolutePercentageError'>, {}), (<class 'keras.src.metrics.regression_metrics.RootMeanSquaredError'>, {}), (<class 'keras.src.metrics.regression_metrics.CosineSimilarity'>, {}), (<class 'keras.src.metrics.regression_metrics.LogCoshError'>, {}), (<class 'tensorflow_addons.metrics.r_square.RSquare'>, {})]",200,"[{'nodes': 128, 'activation': 'softplus', 'l2_reg': 0.0001, 'l1_reg': 0.001}]",0.99,True,PCA(n_components=0.99),1,True,"{'enabled': True, 'contamination': 0.05, 'remove_outliers': False}",False,True,"{'method': <function cosine_annealing_50 at 0x000001BAC637EB80>, 'description': 'Cosine Annealing with 50 epochs cycle'}",True,0.2,val_root_mean_squared_error,<keras.src.engine.sequential.Sequential object at 0x000001BC6648B430>,StandardScaler(),IsolationForest(contamination=0.05),"[1.06361303e+01 3.11894104e+02 1.32995100e+01 2.06764374e+02
 1.76605244e+01 1.01183116e-01 1.26295652e+01 6.70200586e-03]",[0. 0. 0. 0. 0. 0. 0. 0.],13.299510659435038,10.263580455431956,0.5505915592442169,0.9247018062061751,0.51469433243155,16.2706268259516,12.296321276608396,9.504014501835039,10.695024224107696,0.5477376284836283,0.026661819498978428,0.5345575631917275,0.17910802159685124,16.818122661687617,12.706066655392117,9.91998639296428,11.030459063597364,0.558113765082492,0.029264222297700444,0.027963020898339436,0.02790247217980668,0.0279327301329331
0.001,64,"(<class 'keras.src.optimizers.adam.Adam'>, {'beta_1': 0.85, 'beta_2': 0.95, 'epsilon': 1e-08, 'amsgrad': False, 'learning_rate': 0.001})",<class 'keras.src.optimizers.adam.Adam'>,"{'beta_1': 0.85, 'beta_2': 0.95, 'epsilon': 1e-08, 'amsgrad': False, 'learning_rate': 0.001}","(<class '__main__.CustomLossWrapper'>, {'loss_function': <function custom_median_loss_scaled at 0x000001BAFB5578B0>, 'lambda_sign': 2.0})",<class '__main__.CustomLossWrapper'>,"{'loss_function': <function custom_median_loss_scaled at 0x000001BAFB5578B0>, 'lambda_sign': 2.0}","[(<class 'keras.src.metrics.regression_metrics.MeanSquaredError'>, {}), (<class 'keras.src.metrics.regression_metrics.MeanAbsoluteError'>, {}), (<class 'keras.src.metrics.regression_metrics.MeanAbsolutePercentageError'>, {}), (<class 'keras.src.metrics.regression_metrics.RootMeanSquaredError'>, {}), (<class 'keras.src.metrics.regression_metrics.CosineSimilarity'>, {}), (<class 'keras.src.metrics.regression_metrics.LogCoshError'>, {}), (<class 'tensorflow_addons.metrics.r_square.RSquare'>, {})]",200,"[{'nodes': 128, 'activation': 'softplus', 'l2_reg': 0.0001, 'l1_reg': 0.001}]",0.99,True,PCA(n_components=0.99),1,True,"{'enabled': True, 'contamination': 0.05, 'remove_outliers': False}",False,True,"{'method': <function cosine_annealing_50 at 0x000001BAC637EB80>, 'description': 'Cosine Annealing with 50 epochs cycle'}",True,0.3,val_root_mean_squared_error,<keras.src.engine.sequential.Sequential object at 0x000001BC69D60370>,StandardScaler(),IsolationForest(contamination=0.05),"[1.07053003e+01 3.10605591e+02 1.33003988e+01 1.79778946e+02
 1.76240063e+01 1.03655308e-01 1.26300344e+01 1.08056068e-02]",[0. 0. 0. 0. 0. 0. 0. 0.],13.300398134614618,10.350887897531273,0.5518276531873565,-0.06172925549290556,-0.46592416221421895,16.22922818735565,12.29329656640492,9.58079076180471,10.595337630230983,0.5490798629507965,0.01879890376267305,-0.3050738614219986,-0.6165853284622675,16.797821614828926,12.719682969410936,9.932872578441241,10.974954907335842,0.548879586308791,0.028003224471184616,0.023401064116928834,0.022495982201830713,0.02294406071030868
0.001,64,"(<class 'keras.src.optimizers.adam.Adam'>, {'beta_1': 0.85, 'beta_2': 0.95, 'epsilon': 1e-08, 'amsgrad': False, 'learning_rate': 0.001})",<class 'keras.src.optimizers.adam.Adam'>,"{'beta_1': 0.85, 'beta_2': 0.95, 'epsilon': 1e-08, 'amsgrad': False, 'learning_rate': 0.001}","(<class '__main__.CustomLossWrapper'>, {'loss_function': <function custom_median_loss_scaled at 0x000001BAFB5578B0>, 'lambda_sign': 2.0})",<class '__main__.CustomLossWrapper'>,"{'loss_function': <function custom_median_loss_scaled at 0x000001BAFB5578B0>, 'lambda_sign': 2.0}","[(<class 'keras.src.metrics.regression_metrics.MeanSquaredError'>, {}), (<class 'keras.src.metrics.regression_metrics.MeanAbsoluteError'>, {}), (<class 'keras.src.metrics.regression_metrics.MeanAbsolutePercentageError'>, {}), (<class 'keras.src.metrics.regression_metrics.RootMeanSquaredError'>, {}), (<class 'keras.src.metrics.regression_metrics.CosineSimilarity'>, {}), (<class 'keras.src.metrics.regression_metrics.LogCoshError'>, {}), (<class 'tensorflow_addons.metrics.r_square.RSquare'>, {})]",200,"[{'nodes': 128, 'activation': 'softplus', 'l2_reg': 0.0001, 'l1_reg': 0.001}]",0.99,True,PCA(n_components=0.99),1,True,"{'enabled': True, 'contamination': 0.05, 'remove_outliers': False}",False,True,"{'method': <function cosine_annealing_50 at 0x000001BAC637EB80>, 'description': 'Cosine Annealing with 50 epochs cycle'}",True,0.4,val_root_mean_squared_error,<keras.src.engine.sequential.Sequential object at 0x000001BC6B249370>,StandardScaler(),IsolationForest(contamination=0.05),"[1.05783195e+01 3.09977081e+02 1.32556896e+01 2.89251465e+02
 1.76061668e+01 1.14603564e-01 1.25832863e+01 1.28072500e-02]",[0. 0. 0. 0. 0. 0. 0. 0.],13.255687177644427,10.212112645680573,0.5573017835069751,1.184892730071604,0.7547725431348059,16.398652628265033,12.36309415968852,9.43116713800657,10.838280868353655,0.5620430221468687,0.034122363729988135,0.6931884578235168,0.3162815350235012,16.829121895823548,12.707660326147726,9.947683331413957,11.054202703302302,0.5709184929820241,0.0265538950834424,0.030338129406715268,0.029866101971488274,0.030101190449634465
0.001,64,"(<class 'keras.src.optimizers.adam.Adam'>, {'beta_1': 0.85, 'beta_2': 0.95, 'epsilon': 1e-08, 'amsgrad': False, 'learning_rate': 0.001})",<class 'keras.src.optimizers.adam.Adam'>,"{'beta_1': 0.85, 'beta_2': 0.95, 'epsilon': 1e-08, 'amsgrad': False, 'learning_rate': 0.001}","(<class '__main__.CustomLossWrapper'>, {'loss_function': <function custom_median_loss_scaled at 0x000001BAFB5578B0>, 'lambda_sign': 2.0})",<class '__main__.CustomLossWrapper'>,"{'loss_function': <function custom_median_loss_scaled at 0x000001BAFB5578B0>, 'lambda_sign': 2.0}","[(<class 'keras.src.metrics.regression_metrics.MeanSquaredError'>, {}), (<class 'keras.src.metrics.regression_metrics.MeanAbsoluteError'>, {}), (<class 'keras.src.metrics.regression_metrics.MeanAbsolutePercentageError'>, {}), (<class 'keras.src.metrics.regression_metrics.RootMeanSquaredError'>, {}), (<class 'keras.src.metrics.regression_metrics.CosineSimilarity'>, {}), (<class 'keras.src.metrics.regression_metrics.LogCoshError'>, {}), (<class 'tensorflow_addons.metrics.r_square.RSquare'>, {})]",200,"[{'nodes': 128, 'activation': 'softplus', 'l2_reg': 0.0001, 'l1_reg': 0.001}]",0.99,True,PCA(n_components=0.99),1,True,"{'enabled': True, 'contamination': 0.05, 'remove_outliers': False}",False,True,"{'method': <function cosine_annealing_50 at 0x000001BAC637EB80>, 'description': 'Cosine Annealing with 50 epochs cycle'}",True,0.5,val_root_mean_squared_error,<keras.src.engine.sequential.Sequential object at 0x000001BC6E611280>,StandardScaler(),IsolationForest(contamination=0.05),"[1.05712614e+01 3.11409241e+02 1.32461100e+01 2.73239258e+02
 1.76467915e+01 1.14956737e-01 1.25765085e+01 8.24618340e-03]",[0. 0. 0. 0. 0. 0. 0. 0.],13.246107301110959,10.211625295240768,0.5574783683559951,1.261953519656167,0.8063138744960447,16.290381756340157,12.257257562503169,9.345433535389246,10.803862771304894,0.5583342163823249,0.04290263113837981,1.0810303915148232,0.660763882943635,16.861399154082644,12.67728102942134,9.742677804984268,11.16880960010609,0.5685791676926866,0.0466150313843085,0.044758831261344154,0.04468185251101945,0.04472032532288854
0.001,64,"(<class 'keras.src.optimizers.adam.Adam'>, {'beta_1': 0.85, 'beta_2': 0.95, 'epsilon': 1e-08, 'amsgrad': False, 'learning_rate': 0.001})",<class 'keras.src.optimizers.adam.Adam'>,"{'beta_1': 0.85, 'beta_2': 0.95, 'epsilon': 1e-08, 'amsgrad': False, 'learning_rate': 0.001}","(<class '__main__.CustomLossWrapper'>, {'loss_function': <function custom_median_loss_scaled at 0x000001BAFB5578B0>, 'lambda_sign': 2.0})",<class '__main__.CustomLossWrapper'>,"{'loss_function': <function custom_median_loss_scaled at 0x000001BAFB5578B0>, 'lambda_sign': 2.0}","[(<class 'keras.src.metrics.regression_metrics.MeanSquaredError'>, {}), (<class 'keras.src.metrics.regression_metrics.MeanAbsoluteError'>, {}), (<class 'keras.src.metrics.regression_metrics.MeanAbsolutePercentageError'>, {}), (<class 'keras.src.metrics.regression_metrics.RootMeanSquaredError'>, {}), (<class 'keras.src.metrics.regression_metrics.CosineSimilarity'>, {}), (<class 'keras.src.metrics.regression_metrics.LogCoshError'>, {}), (<class 'tensorflow_addons.metrics.r_square.RSquare'>, {})]",200,"[{'nodes': 128, 'activation': 'softplus', 'l2_reg': 0.0001, 'l1_reg': 0.001}]",0.99,True,PCA(n_components=0.99),1,True,"{'enabled': True, 'contamination': 0.05, 'remove_outliers': False}",False,True,"{'method': <function cosine_annealing_50 at 0x000001BAC637EB80>, 'description': 'Cosine Annealing with 50 epochs cycle'}",True,0.6,val_root_mean_squared_error,<keras.src.engine.sequential.Sequential object at 0x000001BC6E969250>,StandardScaler(),IsolationForest(contamination=0.05),"[1.06298265e+01 3.10768402e+02 1.32907858e+01 1.55110626e+02
 1.76286240e+01 9.90640968e-02 1.26192980e+01 1.02870464e-02]",[0. 0. 0. 0. 0. 0. 0. 0.],13.290786426277817,10.228752133921706,0.5495320501500971,0.39972547013210596,-0.06643230459108151,16.25992604068981,12.244265586738553,9.404295263156639,10.70596307943599,0.5574511673907668,0.03687440306747367,0.026479563852392834,-0.44762051161183836,16.77837023152707,12.648934557473146,9.842832284163084,11.022665829189394,0.5603299679881802,0.036814258239602195,0.036844330653537934,0.036844306108375524,0.036844318380954685
0.001,64,"(<class 'keras.src.optimizers.adam.Adam'>, {'beta_1': 0.85, 'beta_2': 0.95, 'epsilon': 1e-08, 'amsgrad': False, 'learning_rate': 0.001})",<class 'keras.src.optimizers.adam.Adam'>,"{'beta_1': 0.85, 'beta_2': 0.95, 'epsilon': 1e-08, 'amsgrad': False, 'learning_rate': 0.001}","(<class '__main__.CustomLossWrapper'>, {'loss_function': <function custom_median_loss_scaled at 0x000001BAFB5578B0>, 'lambda_sign': 2.0})",<class '__main__.CustomLossWrapper'>,"{'loss_function': <function custom_median_loss_scaled at 0x000001BAFB5578B0>, 'lambda_sign': 2.0}","[(<class 'keras.src.metrics.regression_metrics.MeanSquaredError'>, {}), (<class 'keras.src.metrics.regression_metrics.MeanAbsoluteError'>, {}), (<class 'keras.src.metrics.regression_metrics.MeanAbsolutePercentageError'>, {}), (<class 'keras.src.metrics.regression_metrics.RootMeanSquaredError'>, {}), (<class 'keras.src.metrics.regression_metrics.CosineSimilarity'>, {}), (<class 'keras.src.metrics.regression_metrics.LogCoshError'>, {}), (<class 'tensorflow_addons.metrics.r_square.RSquare'>, {})]",200,"[{'nodes': 128, 'activation': 'softplus', 'l2_reg': 0.0001, 'l1_reg': 0.001}]",0.99,True,PCA(n_components=0.99),1,True,"{'enabled': True, 'contamination': 0.05, 'remove_outliers': False}",False,True,"{'method': <function cosine_annealing_50 at 0x000001BAC637EB80>, 'description': 'Cosine Annealing with 50 epochs cycle'}",True,0.7,val_root_mean_squared_error,<keras.src.engine.sequential.Sequential object at 0x000001BC741A1250>,StandardScaler(),IsolationForest(contamination=0.05),"[1.05960274e+01 3.12161652e+02 1.32814255e+01 3.56937134e+02
 1.76680965e+01 1.08952850e-01 1.26113853e+01 5.84995747e-03]",[0. 0. 0. 0. 0. 0. 0. 0.],13.281419006864377,10.283038163310684,0.5544764259226559,0.9675058266730302,0.48376047895616114,16.306211606894813,12.25649440048756,9.321867540741415,10.798225606947305,0.5598530606478047,0.045316104134216176,0.5059523227665927,0.06048933856501425,16.899657729843653,12.704970164669572,9.82158645457204,11.15429546733313,0.560576212755479,0.03889330211063206,0.04210470312242412,0.041859763823634794,0.04198205483976376
0.001,64,"(<class 'keras.src.optimizers.adam.Adam'>, {'beta_1': 0.85, 'beta_2': 0.95, 'epsilon': 1e-08, 'amsgrad': False, 'learning_rate': 0.001})",<class 'keras.src.optimizers.adam.Adam'>,"{'beta_1': 0.85, 'beta_2': 0.95, 'epsilon': 1e-08, 'amsgrad': False, 'learning_rate': 0.001}","(<class '__main__.CustomLossWrapper'>, {'loss_function': <function custom_median_loss_scaled at 0x000001BAFB5578B0>, 'lambda_sign': 2.0})",<class '__main__.CustomLossWrapper'>,"{'loss_function': <function custom_median_loss_scaled at 0x000001BAFB5578B0>, 'lambda_sign': 2.0}","[(<class 'keras.src.metrics.regression_metrics.MeanSquaredError'>, {}), (<class 'keras.src.metrics.regression_metrics.MeanAbsoluteError'>, {}), (<class 'keras.src.metrics.regression_metrics.MeanAbsolutePercentageError'>, {}), (<class 'keras.src.metrics.regression_metrics.RootMeanSquaredError'>, {}), (<class 'keras.src.metrics.regression_metrics.CosineSimilarity'>, {}), (<class 'keras.src.metrics.regression_metrics.LogCoshError'>, {}), (<class 'tensorflow_addons.metrics.r_square.RSquare'>, {})]",200,"[{'nodes': 128, 'activation': 'softplus', 'l2_reg': 0.0001, 'l1_reg': 0.001}]",0.99,True,PCA(n_components=0.99),1,True,"{'enabled': True, 'contamination': 0.05, 'remove_outliers': False}",False,True,"{'method': <function cosine_annealing_50 at 0x000001BAC637EB80>, 'description': 'Cosine Annealing with 50 epochs cycle'}",True,0.9,val_root_mean_squared_error,<keras.src.engine.sequential.Sequential object at 0x000001BC7A2E5310>,StandardScaler(),IsolationForest(contamination=0.05),"[1.06183252e+01 3.09882935e+02 1.32351637e+01 2.10917145e+02
 1.76034927e+01 1.22020133e-01 1.25644922e+01 1.31070614e-02]",[0. 0. 0. 0. 0. 0. 0. 0.],13.235167666056379,10.22076615252898,0.5610100653363942,1.17566012921891,0.6496516554898072,16.18584275396209,12.203701239458411,9.348548900807154,10.697109262771178,0.563173324856063,0.042583576058352585,0.8835110809656659,0.4515847496351105,16.69440569335268,12.60309993321058,9.772269509688243,10.982995153465037,0.5733809406550111,0.04371928885589902,0.0431514324571258,0.04314395968342477,0.04314769590849855
0.001,64,"(<class 'keras.src.optimizers.adam.Adam'>, {'beta_1': 0.85, 'beta_2': 0.95, 'epsilon': 1e-08, 'amsgrad': False, 'learning_rate': 0.001})",<class 'keras.src.optimizers.adam.Adam'>,"{'beta_1': 0.85, 'beta_2': 0.95, 'epsilon': 1e-08, 'amsgrad': False, 'learning_rate': 0.001}","(<class '__main__.CustomLossWrapper'>, {'loss_function': <function custom_median_loss_scaled at 0x000001BAFB5578B0>, 'lambda_sign': 2.0})",<class '__main__.CustomLossWrapper'>,"{'loss_function': <function custom_median_loss_scaled at 0x000001BAFB5578B0>, 'lambda_sign': 2.0}","[(<class 'keras.src.metrics.regression_metrics.MeanSquaredError'>, {}), (<class 'keras.src.metrics.regression_metrics.MeanAbsoluteError'>, {}), (<class 'keras.src.metrics.regression_metrics.MeanAbsolutePercentageError'>, {}), (<class 'keras.src.metrics.regression_metrics.RootMeanSquaredError'>, {}), (<class 'keras.src.metrics.regression_metrics.CosineSimilarity'>, {}), (<class 'keras.src.metrics.regression_metrics.LogCoshError'>, {}), (<class 'tensorflow_addons.metrics.r_square.RSquare'>, {})]",200,"[{'nodes': 128, 'activation': 'softplus', 'l2_reg': 0.0001, 'l1_reg': 0.001}]",0.99,True,PCA(n_components=0.99),1,True,"{'enabled': True, 'contamination': 0.05, 'remove_outliers': False}",False,True,"{'method': <function cosine_annealing_50 at 0x000001BAC637EB80>, 'description': 'Cosine Annealing with 50 epochs cycle'}",True,0.9,val_root_mean_squared_error,<keras.src.engine.sequential.Sequential object at 0x000001BC7A41C730>,StandardScaler(),IsolationForest(contamination=0.05),"[1.06895018e+01 3.11663666e+02 1.33221569e+01 1.53412018e+02
 1.76539993e+01 9.62387398e-02 1.26525126e+01 7.43585825e-03]",[0. 0. 0. 0. 0. 0. 0. 0.],13.322149613003502,10.318819983252677,0.5481193713579375,-0.1323803772787731,-0.6119392158677879,16.247688653502088,12.285616164650166,9.581932777287001,10.633118811658159,0.5552258839320405,0.018681946105314436,-0.48718004631435813,-0.9509337250285426,16.827762784052425,12.74086557075225,10.040916104627398,11.002787354697608,0.549618320610687,0.017430456297590723,0.018056201201452578,0.018034515760515117,0.018045355223509137
0.001,64,"(<class 'keras.src.optimizers.adam.Adam'>, {'beta_1': 0.85, 'beta_2': 0.95, 'epsilon': 1e-08, 'amsgrad': False, 'learning_rate': 0.001})",<class 'keras.src.optimizers.adam.Adam'>,"{'beta_1': 0.85, 'beta_2': 0.95, 'epsilon': 1e-08, 'amsgrad': False, 'learning_rate': 0.001}","(<class '__main__.CustomLossWrapper'>, {'loss_function': <function custom_median_loss_scaled at 0x000001BAFB5578B0>, 'lambda_sign': 1.0})",<class '__main__.CustomLossWrapper'>,"{'loss_function': <function custom_median_loss_scaled at 0x000001BAFB5578B0>, 'lambda_sign': 1.0}","[(<class 'keras.src.metrics.regression_metrics.MeanSquaredError'>, {}), (<class 'keras.src.metrics.regression_metrics.MeanAbsoluteError'>, {}), (<class 'keras.src.metrics.regression_metrics.MeanAbsolutePercentageError'>, {}), (<class 'keras.src.metrics.regression_metrics.RootMeanSquaredError'>, {}), (<class 'keras.src.metrics.regression_metrics.CosineSimilarity'>, {}), (<class 'keras.src.metrics.regression_metrics.LogCoshError'>, {}), (<class 'tensorflow_addons.metrics.r_square.RSquare'>, {})]",200,"[{'nodes': 128, 'activation': 'softplus', 'l2_reg': 0.0001, 'l1_reg': 0.001}]",0.99,True,PCA(n_components=0.99),1,True,"{'enabled': True, 'contamination': 0.05, 'remove_outliers': False}",False,True,"{'method': <function cosine_annealing_50 at 0x000001BAC637EB80>, 'description': 'Cosine Annealing with 50 epochs cycle'}",False,,val_root_mean_squared_error,<keras.src.engine.sequential.Sequential object at 0x000001BC79A98640>,StandardScaler(),IsolationForest(contamination=0.05),"[1.04502535e+01 3.09906403e+02 1.32411871e+01 3.04779449e+02
 1.76041584e+01 1.25198662e-01 1.25693016e+01 1.30322576e-02]",[0. 0. 0. 0. 0. 0. 0. 0.],13.241187065940435,10.096957840615758,0.5625993289775737,0.5145402652903418,-0.09010850157917383,16.298360731252632,12.253450135728349,9.338170867326998,10.758669976289237,0.5632439687753876,0.0436464254703357,0.14297071584469587,-0.2232561743941785,16.780435443099986,12.628771216587191,9.720805656907649,11.04979437203413,0.5635311499630633,0.04875536462995044,0.04620089505014307,0.046059657205571466,0.0461302220740392
0.001,64,"(<class 'keras.src.optimizers.adam.Adam'>, {'beta_1': 0.85, 'beta_2': 0.95, 'epsilon': 1e-08, 'amsgrad': False, 'learning_rate': 0.001})",<class 'keras.src.optimizers.adam.Adam'>,"{'beta_1': 0.85, 'beta_2': 0.95, 'epsilon': 1e-08, 'amsgrad': False, 'learning_rate': 0.001}","(<class '__main__.CustomLossWrapper'>, {'loss_function': <function custom_median_loss_scaled at 0x000001BAFB5578B0>, 'lambda_sign': 1.0})",<class '__main__.CustomLossWrapper'>,"{'loss_function': <function custom_median_loss_scaled at 0x000001BAFB5578B0>, 'lambda_sign': 1.0}","[(<class 'keras.src.metrics.regression_metrics.MeanSquaredError'>, {}), (<class 'keras.src.metrics.regression_metrics.MeanAbsoluteError'>, {}), (<class 'keras.src.metrics.regression_metrics.MeanAbsolutePercentageError'>, {}), (<class 'keras.src.metrics.regression_metrics.RootMeanSquaredError'>, {}), (<class 'keras.src.metrics.regression_metrics.CosineSimilarity'>, {}), (<class 'keras.src.metrics.regression_metrics.LogCoshError'>, {}), (<class 'tensorflow_addons.metrics.r_square.RSquare'>, {})]",200,"[{'nodes': 128, 'activation': 'softplus', 'l2_reg': 0.0001, 'l1_reg': 0.001}]",0.99,True,PCA(n_components=0.99),1,True,"{'enabled': True, 'contamination': 0.05, 'remove_outliers': False}",False,True,"{'method': <function cosine_annealing_50 at 0x000001BAC637EB80>, 'description': 'Cosine Annealing with 50 epochs cycle'}",True,0.1,val_root_mean_squared_error,<keras.src.engine.sequential.Sequential object at 0x000001BC7C0AD940>,StandardScaler(),IsolationForest(contamination=0.05),"[1.05347986e+01 3.12470398e+02 1.32971067e+01 4.00906067e+02
 1.76768322e+01 9.90640968e-02 1.26253986e+01 4.86665964e-03]",[0. 0. 0. 0. 0. 0. 0. 0.],13.297109530430166,10.2302674159754,0.5495320501500971,0.5717475820553716,0.10470315555635312,16.466019028400005,12.359242771141238,9.434706784455056,10.894971866008985,0.5570979477941436,0.03375985659859425,0.2014317185583068,-0.03747434921603898,17.037449569471644,12.790408456400604,9.877601355851748,11.256134969572122,0.560576212755479,0.03341187637044751,0.03358586648452088,0.033584965136335944,0.03358541580740467
0.001,64,"(<class 'keras.src.optimizers.adam.Adam'>, {'beta_1': 0.85, 'beta_2': 0.95, 'epsilon': 1e-08, 'amsgrad': False, 'learning_rate': 0.001})",<class 'keras.src.optimizers.adam.Adam'>,"{'beta_1': 0.85, 'beta_2': 0.95, 'epsilon': 1e-08, 'amsgrad': False, 'learning_rate': 0.001}","(<class '__main__.CustomLossWrapper'>, {'loss_function': <function custom_median_loss_scaled at 0x000001BAFB5578B0>, 'lambda_sign': 1.0})",<class '__main__.CustomLossWrapper'>,"{'loss_function': <function custom_median_loss_scaled at 0x000001BAFB5578B0>, 'lambda_sign': 1.0}","[(<class 'keras.src.metrics.regression_metrics.MeanSquaredError'>, {}), (<class 'keras.src.metrics.regression_metrics.MeanAbsoluteError'>, {}), (<class 'keras.src.metrics.regression_metrics.MeanAbsolutePercentageError'>, {}), (<class 'keras.src.metrics.regression_metrics.RootMeanSquaredError'>, {}), (<class 'keras.src.metrics.regression_metrics.CosineSimilarity'>, {}), (<class 'keras.src.metrics.regression_metrics.LogCoshError'>, {}), (<class 'tensorflow_addons.metrics.r_square.RSquare'>, {})]",200,"[{'nodes': 128, 'activation': 'softplus', 'l2_reg': 0.0001, 'l1_reg': 0.001}]",0.99,True,PCA(n_components=0.99),1,True,"{'enabled': True, 'contamination': 0.05, 'remove_outliers': False}",False,True,"{'method': <function cosine_annealing_50 at 0x000001BAC637EB80>, 'description': 'Cosine Annealing with 50 epochs cycle'}",True,0.2,val_root_mean_squared_error,<keras.src.engine.sequential.Sequential object at 0x000001BC7C7CB4F0>,StandardScaler(),IsolationForest(contamination=0.05),"[1.05491648e+01 3.12504822e+02 1.33229208e+01 2.22751984e+02
 1.76778069e+01 1.08952850e-01 1.26524687e+01 4.75704670e-03]",[0. 0. 0. 0. 0. 0. 0. 0.],13.322922538937679,10.342825612191465,0.5544764259226559,-0.039338719832675666,-0.5029852375893444,16.309260568051908,12.290909947420444,9.415898256760817,10.720155053841657,0.5566034403588711,0.0356861013576146,-0.4100787485235841,-0.7514460194103666,16.904990557815786,12.727781948921757,9.876566885260395,11.132408089217044,0.5568825412459986,0.03351310610748824,0.03459960373255142,0.034565485506851706,0.03458254041218369
0.001,64,"(<class 'keras.src.optimizers.adam.Adam'>, {'beta_1': 0.85, 'beta_2': 0.95, 'epsilon': 1e-08, 'amsgrad': False, 'learning_rate': 0.001})",<class 'keras.src.optimizers.adam.Adam'>,"{'beta_1': 0.85, 'beta_2': 0.95, 'epsilon': 1e-08, 'amsgrad': False, 'learning_rate': 0.001}","(<class '__main__.CustomLossWrapper'>, {'loss_function': <function custom_median_loss_scaled at 0x000001BAFB5578B0>, 'lambda_sign': 1.0})",<class '__main__.CustomLossWrapper'>,"{'loss_function': <function custom_median_loss_scaled at 0x000001BAFB5578B0>, 'lambda_sign': 1.0}","[(<class 'keras.src.metrics.regression_metrics.MeanSquaredError'>, {}), (<class 'keras.src.metrics.regression_metrics.MeanAbsoluteError'>, {}), (<class 'keras.src.metrics.regression_metrics.MeanAbsolutePercentageError'>, {}), (<class 'keras.src.metrics.regression_metrics.RootMeanSquaredError'>, {}), (<class 'keras.src.metrics.regression_metrics.CosineSimilarity'>, {}), (<class 'keras.src.metrics.regression_metrics.LogCoshError'>, {}), (<class 'tensorflow_addons.metrics.r_square.RSquare'>, {})]",200,"[{'nodes': 128, 'activation': 'softplus', 'l2_reg': 0.0001, 'l1_reg': 0.001}]",0.99,True,PCA(n_components=0.99),1,True,"{'enabled': True, 'contamination': 0.05, 'remove_outliers': False}",False,True,"{'method': <function cosine_annealing_50 at 0x000001BAC637EB80>, 'description': 'Cosine Annealing with 50 epochs cycle'}",True,0.3,val_root_mean_squared_error,<keras.src.engine.sequential.Sequential object at 0x000001BC6DB1E970>,StandardScaler(),IsolationForest(contamination=0.05),"[1.06232090e+01 3.13031708e+02 1.33465929e+01 1.29557571e+02
 1.76927013e+01 8.49373117e-02 1.26772041e+01 3.07905674e-03]",[0. 0. 0. 0. 0. 0. 0. 0.],13.346595367835334,10.407377649320129,0.542468656189299,0.2036757543966162,-0.2920596198950566,16.28942733104585,12.32044321789943,9.596781466128581,10.657778621234995,0.5491151849104589,0.017161241799034315,-0.13057487844820254,-0.5880115236963734,16.903256725280052,12.798133975723552,10.075226279693963,11.041953522138797,0.5323811868997784,0.014072980474844982,0.015617111136939648,0.01546443632527226,0.015540586242542573
0.001,64,"(<class 'keras.src.optimizers.adam.Adam'>, {'beta_1': 0.85, 'beta_2': 0.95, 'epsilon': 1e-08, 'amsgrad': False, 'learning_rate': 0.001})",<class 'keras.src.optimizers.adam.Adam'>,"{'beta_1': 0.85, 'beta_2': 0.95, 'epsilon': 1e-08, 'amsgrad': False, 'learning_rate': 0.001}","(<class '__main__.CustomLossWrapper'>, {'loss_function': <function custom_median_loss_scaled at 0x000001BAFB5578B0>, 'lambda_sign': 1.0})",<class '__main__.CustomLossWrapper'>,"{'loss_function': <function custom_median_loss_scaled at 0x000001BAFB5578B0>, 'lambda_sign': 1.0}","[(<class 'keras.src.metrics.regression_metrics.MeanSquaredError'>, {}), (<class 'keras.src.metrics.regression_metrics.MeanAbsoluteError'>, {}), (<class 'keras.src.metrics.regression_metrics.MeanAbsolutePercentageError'>, {}), (<class 'keras.src.metrics.regression_metrics.RootMeanSquaredError'>, {}), (<class 'keras.src.metrics.regression_metrics.CosineSimilarity'>, {}), (<class 'keras.src.metrics.regression_metrics.LogCoshError'>, {}), (<class 'tensorflow_addons.metrics.r_square.RSquare'>, {})]",200,"[{'nodes': 128, 'activation': 'softplus', 'l2_reg': 0.0001, 'l1_reg': 0.001}]",0.99,True,PCA(n_components=0.99),1,True,"{'enabled': True, 'contamination': 0.05, 'remove_outliers': False}",False,True,"{'method': <function cosine_annealing_50 at 0x000001BAC637EB80>, 'description': 'Cosine Annealing with 50 epochs cycle'}",True,0.4,val_root_mean_squared_error,<keras.src.engine.sequential.Sequential object at 0x000001BC442D9E20>,StandardScaler(),IsolationForest(contamination=0.05),"[1.04230404e+01 3.11778046e+02 1.32651711e+01 3.08993103e+02
 1.76572380e+01 1.15309909e-01 1.25958166e+01 7.07167387e-03]",[0. 0. 0. 0. 0. 0. 0. 0.],13.265167442948846,10.09812744962613,0.557654953205015,1.5778481346752933,1.162926087132146,16.373883640516343,12.35388904411844,9.411210420156374,10.861389996595799,0.5544488008194695,0.03616619851552338,1.3252961677283595,0.9841639260640773,16.872172216625188,12.721933287212861,9.79719534266313,11.160614026161356,0.5538044816547648,0.041280132500310096,0.03872316550791674,0.038554323934289376,0.03863865249660401
0.001,64,"(<class 'keras.src.optimizers.adam.Adam'>, {'beta_1': 0.85, 'beta_2': 0.95, 'epsilon': 1e-08, 'amsgrad': False, 'learning_rate': 0.001})",<class 'keras.src.optimizers.adam.Adam'>,"{'beta_1': 0.85, 'beta_2': 0.95, 'epsilon': 1e-08, 'amsgrad': False, 'learning_rate': 0.001}","(<class '__main__.CustomLossWrapper'>, {'loss_function': <function custom_median_loss_scaled at 0x000001BAFB5578B0>, 'lambda_sign': 1.0})",<class '__main__.CustomLossWrapper'>,"{'loss_function': <function custom_median_loss_scaled at 0x000001BAFB5578B0>, 'lambda_sign': 1.0}","[(<class 'keras.src.metrics.regression_metrics.MeanSquaredError'>, {}), (<class 'keras.src.metrics.regression_metrics.MeanAbsoluteError'>, {}), (<class 'keras.src.metrics.regression_metrics.MeanAbsolutePercentageError'>, {}), (<class 'keras.src.metrics.regression_metrics.RootMeanSquaredError'>, {}), (<class 'keras.src.metrics.regression_metrics.CosineSimilarity'>, {}), (<class 'keras.src.metrics.regression_metrics.LogCoshError'>, {}), (<class 'tensorflow_addons.metrics.r_square.RSquare'>, {})]",200,"[{'nodes': 128, 'activation': 'softplus', 'l2_reg': 0.0001, 'l1_reg': 0.001}]",0.99,True,PCA(n_components=0.99),1,True,"{'enabled': True, 'contamination': 0.05, 'remove_outliers': False}",False,True,"{'method': <function cosine_annealing_50 at 0x000001BAC637EB80>, 'description': 'Cosine Annealing with 50 epochs cycle'}",True,0.5,val_root_mean_squared_error,<keras.src.engine.sequential.Sequential object at 0x000001BC0A031220>,StandardScaler(),IsolationForest(contamination=0.05),"[1.06324272e+01 3.11081055e+02 1.32918673e+01 2.82856934e+02
 1.76374893e+01 9.72982496e-02 1.26203794e+01 9.29135084e-03]",[0. 0. 0. 0. 0. 0. 0. 0.],13.291870935294344,10.245027846142,0.5486491259049974,0.562751639964861,0.06954183244892542,16.26697315534052,12.263918487679753,9.423967982793169,10.701500213424358,0.5589346896965843,0.03485965349687595,-0.10047586880359079,-0.582182611086874,16.74883609597259,12.665839107905873,9.914873052016725,10.95857530668399,0.5571287860132972,0.02976459627048146,0.032312124883678704,0.0321112745199709,0.032211543155573744
0.001,64,"(<class 'keras.src.optimizers.adam.Adam'>, {'beta_1': 0.85, 'beta_2': 0.95, 'epsilon': 1e-08, 'amsgrad': False, 'learning_rate': 0.001})",<class 'keras.src.optimizers.adam.Adam'>,"{'beta_1': 0.85, 'beta_2': 0.95, 'epsilon': 1e-08, 'amsgrad': False, 'learning_rate': 0.001}","(<class '__main__.CustomLossWrapper'>, {'loss_function': <function custom_median_loss_scaled at 0x000001BAFB5578B0>, 'lambda_sign': 1.0})",<class '__main__.CustomLossWrapper'>,"{'loss_function': <function custom_median_loss_scaled at 0x000001BAFB5578B0>, 'lambda_sign': 1.0}","[(<class 'keras.src.metrics.regression_metrics.MeanSquaredError'>, {}), (<class 'keras.src.metrics.regression_metrics.MeanAbsoluteError'>, {}), (<class 'keras.src.metrics.regression_metrics.MeanAbsolutePercentageError'>, {}), (<class 'keras.src.metrics.regression_metrics.RootMeanSquaredError'>, {}), (<class 'keras.src.metrics.regression_metrics.CosineSimilarity'>, {}), (<class 'keras.src.metrics.regression_metrics.LogCoshError'>, {}), (<class 'tensorflow_addons.metrics.r_square.RSquare'>, {})]",200,"[{'nodes': 128, 'activation': 'softplus', 'l2_reg': 0.0001, 'l1_reg': 0.001}]",0.99,True,PCA(n_components=0.99),1,True,"{'enabled': True, 'contamination': 0.05, 'remove_outliers': False}",False,True,"{'method': <function cosine_annealing_50 at 0x000001BAC637EB80>, 'description': 'Cosine Annealing with 50 epochs cycle'}",True,0.6,val_root_mean_squared_error,<keras.src.engine.sequential.Sequential object at 0x000001BBD7590EE0>,StandardScaler(),IsolationForest(contamination=0.05),"[1.05377922e+01 3.11594666e+02 1.32675180e+01 2.81639374e+02
 1.76520443e+01 1.10718697e-01 1.25973825e+01 7.65562057e-03]",[0. 0. 0. 0. 0. 0. 0. 0.],13.267517105763924,10.2247277474279,0.5553593501677556,1.140847957325404,0.619844908790522,16.258085454369816,12.26543616301061,9.40369103052427,10.732226439692399,0.5542721910211579,0.03693628456932494,0.8164058079605332,0.34719539147005796,16.798722341700373,12.670944908959987,9.794093950158391,11.05852873854639,0.560945579906427,0.04158362411267593,0.039259954341000436,0.03912242383954085,0.039191128762127284
0.001,64,"(<class 'keras.src.optimizers.adam.Adam'>, {'beta_1': 0.85, 'beta_2': 0.95, 'epsilon': 1e-08, 'amsgrad': False, 'learning_rate': 0.001})",<class 'keras.src.optimizers.adam.Adam'>,"{'beta_1': 0.85, 'beta_2': 0.95, 'epsilon': 1e-08, 'amsgrad': False, 'learning_rate': 0.001}","(<class '__main__.CustomLossWrapper'>, {'loss_function': <function custom_median_loss_scaled at 0x000001BAFB5578B0>, 'lambda_sign': 1.0})",<class '__main__.CustomLossWrapper'>,"{'loss_function': <function custom_median_loss_scaled at 0x000001BAFB5578B0>, 'lambda_sign': 1.0}","[(<class 'keras.src.metrics.regression_metrics.MeanSquaredError'>, {}), (<class 'keras.src.metrics.regression_metrics.MeanAbsoluteError'>, {}), (<class 'keras.src.metrics.regression_metrics.MeanAbsolutePercentageError'>, {}), (<class 'keras.src.metrics.regression_metrics.RootMeanSquaredError'>, {}), (<class 'keras.src.metrics.regression_metrics.CosineSimilarity'>, {}), (<class 'keras.src.metrics.regression_metrics.LogCoshError'>, {}), (<class 'tensorflow_addons.metrics.r_square.RSquare'>, {})]",200,"[{'nodes': 128, 'activation': 'softplus', 'l2_reg': 0.0001, 'l1_reg': 0.001}]",0.99,True,PCA(n_components=0.99),1,True,"{'enabled': True, 'contamination': 0.05, 'remove_outliers': False}",False,True,"{'method': <function cosine_annealing_50 at 0x000001BAC637EB80>, 'description': 'Cosine Annealing with 50 epochs cycle'}",True,0.7,val_root_mean_squared_error,<keras.src.engine.sequential.Sequential object at 0x000001BC78B4C370>,StandardScaler(),IsolationForest(contamination=0.05),"[1.06128807e+01 3.12268158e+02 1.32759552e+01 4.06064728e+02
 1.76711102e+01 1.02948964e-01 1.26068325e+01 5.51068783e-03]",[0. 0. 0. 0. 0. 0. 0. 0.],13.27595381550962,10.27571878810744,0.5514744834893166,1.4503615092344424,0.832229626188949,16.2465569201705,12.267869281656361,9.40919891978253,10.749339593462963,0.5545547666984564,0.03637220305324555,1.2474177808138531,0.6289879186689751,16.821920604340807,12.706652813539606,9.891425271648188,11.09298643986943,0.5535582368874662,0.032059115477442064,0.03421565926534381,0.03407973667291116,0.034147630340229614
0.001,64,"(<class 'keras.src.optimizers.adam.Adam'>, {'beta_1': 0.85, 'beta_2': 0.95, 'epsilon': 1e-08, 'amsgrad': False, 'learning_rate': 0.001})",<class 'keras.src.optimizers.adam.Adam'>,"{'beta_1': 0.85, 'beta_2': 0.95, 'epsilon': 1e-08, 'amsgrad': False, 'learning_rate': 0.001}","(<class '__main__.CustomLossWrapper'>, {'loss_function': <function custom_median_loss_scaled at 0x000001BAFB5578B0>, 'lambda_sign': 1.0})",<class '__main__.CustomLossWrapper'>,"{'loss_function': <function custom_median_loss_scaled at 0x000001BAFB5578B0>, 'lambda_sign': 1.0}","[(<class 'keras.src.metrics.regression_metrics.MeanSquaredError'>, {}), (<class 'keras.src.metrics.regression_metrics.MeanAbsoluteError'>, {}), (<class 'keras.src.metrics.regression_metrics.MeanAbsolutePercentageError'>, {}), (<class 'keras.src.metrics.regression_metrics.RootMeanSquaredError'>, {}), (<class 'keras.src.metrics.regression_metrics.CosineSimilarity'>, {}), (<class 'keras.src.metrics.regression_metrics.LogCoshError'>, {}), (<class 'tensorflow_addons.metrics.r_square.RSquare'>, {})]",200,"[{'nodes': 128, 'activation': 'softplus', 'l2_reg': 0.0001, 'l1_reg': 0.001}]",0.99,True,PCA(n_components=0.99),1,True,"{'enabled': True, 'contamination': 0.05, 'remove_outliers': False}",False,True,"{'method': <function cosine_annealing_50 at 0x000001BAC637EB80>, 'description': 'Cosine Annealing with 50 epochs cycle'}",True,0.9,val_root_mean_squared_error,<keras.src.engine.sequential.Sequential object at 0x000001BC6649AF10>,StandardScaler(),IsolationForest(contamination=0.05),"[1.05467443e+01 3.11525238e+02 1.32647343e+01 2.16213226e+02
 1.76500778e+01 1.16016246e-01 1.25951471e+01 7.87675381e-03]",[0. 0. 0. 0. 0. 0. 0. 0.],13.264735844912225,10.199979537276104,0.5580081229030549,0.7374972012120868,0.2523956741696086,16.222424042230234,12.208935555847534,9.370939763645607,10.70736151079332,0.5626788174207905,0.04029045227462733,0.3978114790948913,-0.10199671392736667,16.78899522281243,12.645090776468535,9.813629039465624,11.050367587541418,0.5667323319379464,0.0396719874067435,0.039981219840685416,0.039978828100298736,0.03998002395260682
0.001,64,"(<class 'keras.src.optimizers.adam.Adam'>, {'beta_1': 0.85, 'beta_2': 0.95, 'epsilon': 1e-08, 'amsgrad': False, 'learning_rate': 0.001})",<class 'keras.src.optimizers.adam.Adam'>,"{'beta_1': 0.85, 'beta_2': 0.95, 'epsilon': 1e-08, 'amsgrad': False, 'learning_rate': 0.001}","(<class '__main__.CustomLossWrapper'>, {'loss_function': <function custom_median_loss_scaled at 0x000001BAFB5578B0>, 'lambda_sign': 1.0})",<class '__main__.CustomLossWrapper'>,"{'loss_function': <function custom_median_loss_scaled at 0x000001BAFB5578B0>, 'lambda_sign': 1.0}","[(<class 'keras.src.metrics.regression_metrics.MeanSquaredError'>, {}), (<class 'keras.src.metrics.regression_metrics.MeanAbsoluteError'>, {}), (<class 'keras.src.metrics.regression_metrics.MeanAbsolutePercentageError'>, {}), (<class 'keras.src.metrics.regression_metrics.RootMeanSquaredError'>, {}), (<class 'keras.src.metrics.regression_metrics.CosineSimilarity'>, {}), (<class 'keras.src.metrics.regression_metrics.LogCoshError'>, {}), (<class 'tensorflow_addons.metrics.r_square.RSquare'>, {})]",200,"[{'nodes': 128, 'activation': 'softplus', 'l2_reg': 0.0001, 'l1_reg': 0.001}]",0.99,True,PCA(n_components=0.99),1,True,"{'enabled': True, 'contamination': 0.05, 'remove_outliers': False}",False,True,"{'method': <function cosine_annealing_50 at 0x000001BAC637EB80>, 'description': 'Cosine Annealing with 50 epochs cycle'}",True,0.9,val_root_mean_squared_error,<keras.src.engine.sequential.Sequential object at 0x000001BC42C663A0>,StandardScaler(),IsolationForest(contamination=0.05),"[1.06260595e+01 3.12186646e+02 1.32886848e+01 2.33134094e+02
 1.76688042e+01 1.11425042e-01 1.26190014e+01 5.77032566e-03]",[0. 0. 0. 0. 0. 0. 0. 0.],13.288692026649882,10.333994705921588,0.5557125198657955,1.2008953054530964,0.7415271808124251,16.263711113255464,12.303850963156847,9.525139837111023,10.703289388454271,0.5491858288297835,0.024498302661327295,0.9505241897951886,0.45134910680003404,16.84309518787637,12.721897121504119,9.864319645659506,11.078215886428588,0.5519576459000246,0.034711578886352866,0.02960494077384008,0.028724082642375373,0.029161185939711207
0.001,64,"(<class 'keras.src.optimizers.adam.Adam'>, {'beta_1': 0.99, 'beta_2': 0.9995, 'epsilon': 1e-06, 'amsgrad': False, 'learning_rate': 0.001})",<class 'keras.src.optimizers.adam.Adam'>,"{'beta_1': 0.99, 'beta_2': 0.9995, 'epsilon': 1e-06, 'amsgrad': False, 'learning_rate': 0.001}","(<class '__main__.CustomLossWrapper'>, {'loss_function': <function custom_median_loss_scaled at 0x000001BAFB5578B0>, 'lambda_sign': 2.0})",<class '__main__.CustomLossWrapper'>,"{'loss_function': <function custom_median_loss_scaled at 0x000001BAFB5578B0>, 'lambda_sign': 2.0}","[(<class 'keras.src.metrics.regression_metrics.MeanSquaredError'>, {}), (<class 'keras.src.metrics.regression_metrics.MeanAbsoluteError'>, {}), (<class 'keras.src.metrics.regression_metrics.MeanAbsolutePercentageError'>, {}), (<class 'keras.src.metrics.regression_metrics.RootMeanSquaredError'>, {}), (<class 'keras.src.metrics.regression_metrics.CosineSimilarity'>, {}), (<class 'keras.src.metrics.regression_metrics.LogCoshError'>, {}), (<class 'tensorflow_addons.metrics.r_square.RSquare'>, {})]",200,"[{'nodes': 128, 'activation': 'softplus', 'l2_reg': 0.0001, 'l1_reg': 0.001}]",0.99,True,PCA(n_components=0.99),1,True,"{'enabled': True, 'contamination': 0.05, 'remove_outliers': False}",False,True,"{'method': <function cosine_annealing_50 at 0x000001BAC637EB80>, 'description': 'Cosine Annealing with 50 epochs cycle'}",True,0.9,loss,<keras.src.engine.sequential.Sequential object at 0x000001BC10C730D0>,StandardScaler(),IsolationForest(contamination=0.05),"[1.06303625e+01 3.10774048e+02 1.32472286e+01 2.32005920e+02
 1.76287842e+01 1.08599685e-01 1.25791979e+01 1.02690458e-02]",[0. 0. 0. 0. 0. 0. 0. 0.],13.247226625031972,10.213259707095645,0.5542998410736358,0.7039185002485323,0.15676146942298175,16.2211666280551,12.203584054537806,9.352864006968435,10.709296949891725,0.5630320370174138,0.04214165148228225,0.2642589206027102,-0.17121789428905812,16.79533769053965,12.647627414754906,9.787384366334885,11.053100601461642,0.5693179019945827,0.042240200927699506,0.042190926204990875,0.042190868657112315,0.042190897431041784
0.001,64,"(<class 'keras.src.optimizers.adam.Adam'>, {'beta_1': 0.99, 'beta_2': 0.9995, 'epsilon': 1e-06, 'amsgrad': False, 'learning_rate': 0.001})",<class 'keras.src.optimizers.adam.Adam'>,"{'beta_1': 0.99, 'beta_2': 0.9995, 'epsilon': 1e-06, 'amsgrad': False, 'learning_rate': 0.001}","(<class '__main__.CustomLossWrapper'>, {'loss_function': <function custom_median_loss_scaled at 0x000001BAFB5578B0>, 'lambda_sign': 2.0})",<class '__main__.CustomLossWrapper'>,"{'loss_function': <function custom_median_loss_scaled at 0x000001BAFB5578B0>, 'lambda_sign': 2.0}","[(<class 'keras.src.metrics.regression_metrics.MeanSquaredError'>, {}), (<class 'keras.src.metrics.regression_metrics.MeanAbsoluteError'>, {}), (<class 'keras.src.metrics.regression_metrics.MeanAbsolutePercentageError'>, {}), (<class 'keras.src.metrics.regression_metrics.RootMeanSquaredError'>, {}), (<class 'keras.src.metrics.regression_metrics.CosineSimilarity'>, {}), (<class 'keras.src.metrics.regression_metrics.LogCoshError'>, {}), (<class 'tensorflow_addons.metrics.r_square.RSquare'>, {})]",200,"[{'nodes': 128, 'activation': 'softplus', 'l2_reg': 0.0001, 'l1_reg': 0.001}]",0.99,True,PCA(n_components=0.99),1,True,"{'enabled': True, 'contamination': 0.05, 'remove_outliers': False}",False,True,"{'method': <function cosine_annealing_50 at 0x000001BAC637EB80>, 'description': 'Cosine Annealing with 50 epochs cycle'}",True,0.9,val_loss,<keras.src.engine.sequential.Sequential object at 0x000001BC1E95EDC0>,StandardScaler(),IsolationForest(contamination=0.05),"[1.06007147e+01 3.10322693e+02 1.32388535e+01 2.23387894e+02
 1.76159782e+01 1.28377184e-01 1.25686359e+01 1.17065310e-02]",[0. 0. 0. 0. 0. 0. 0. 0.],13.238855374944086,10.08384732378319,0.5641885926187533,1.2739799556422748,0.771057128153279,16.207557820480936,12.211478608558217,9.284121851893648,10.73231268416518,0.5642329836459327,0.04918176743868083,0.8435074705434862,0.37967458406849786,16.7409325433745,12.61640052771229,9.760363939956134,11.035273099037964,0.569441024378232,0.04488432699557679,0.04703304721712881,0.04693488222753772,0.046983939084948606
0.001,64,"(<class 'keras.src.optimizers.adam.Adam'>, {'beta_1': 0.99, 'beta_2': 0.9995, 'epsilon': 1e-06, 'amsgrad': False, 'learning_rate': 0.001})",<class 'keras.src.optimizers.adam.Adam'>,"{'beta_1': 0.99, 'beta_2': 0.9995, 'epsilon': 1e-06, 'amsgrad': False, 'learning_rate': 0.001}","(<class '__main__.CustomLossWrapper'>, {'loss_function': <function custom_median_loss_scaled at 0x000001BAFB5578B0>, 'lambda_sign': 2.0})",<class '__main__.CustomLossWrapper'>,"{'loss_function': <function custom_median_loss_scaled at 0x000001BAFB5578B0>, 'lambda_sign': 2.0}","[(<class 'keras.src.metrics.regression_metrics.MeanSquaredError'>, {}), (<class 'keras.src.metrics.regression_metrics.MeanAbsoluteError'>, {}), (<class 'keras.src.metrics.regression_metrics.MeanAbsolutePercentageError'>, {}), (<class 'keras.src.metrics.regression_metrics.RootMeanSquaredError'>, {}), (<class 'keras.src.metrics.regression_metrics.CosineSimilarity'>, {}), (<class 'keras.src.metrics.regression_metrics.LogCoshError'>, {}), (<class 'tensorflow_addons.metrics.r_square.RSquare'>, {})]",200,"[{'nodes': 128, 'activation': 'softplus', 'l2_reg': 0.0001, 'l1_reg': 0.001}]",0.99,True,PCA(n_components=0.99),1,True,"{'enabled': True, 'contamination': 0.05, 'remove_outliers': False}",False,True,"{'method': <function cosine_annealing_50 at 0x000001BAC637EB80>, 'description': 'Cosine Annealing with 50 epochs cycle'}",True,0.9,val_mean_absolute_error,<keras.src.engine.sequential.Sequential object at 0x000001BC43039850>,StandardScaler(),IsolationForest(contamination=0.05),"[1.05585918e+01 3.11190918e+02 1.32324848e+01 2.51141617e+02
 1.76406040e+01 1.25198662e-01 1.25635004e+01 8.94147158e-03]",[0. 0. 0. 0. 0. 0. 0. 0.],13.232488547838066,10.18152269174486,0.5625993289775737,1.4571526781717288,0.973116391457812,16.21930939442118,12.212483338621496,9.285302656606575,10.772156172002088,0.5608420755183497,0.0490608372453835,1.1502365071216751,0.6494307932596717,16.79596501247179,12.637523901459824,9.682748774973945,11.122093838383087,0.5711647377493229,0.05247948031089941,0.05077015877814146,0.05071260961594328,0.05074137603825249
0.001,64,"(<class 'keras.src.optimizers.adam.Adam'>, {'beta_1': 0.99, 'beta_2': 0.9995, 'epsilon': 1e-06, 'amsgrad': False, 'learning_rate': 0.001})",<class 'keras.src.optimizers.adam.Adam'>,"{'beta_1': 0.99, 'beta_2': 0.9995, 'epsilon': 1e-06, 'amsgrad': False, 'learning_rate': 0.001}","(<class '__main__.CustomLossWrapper'>, {'loss_function': <function custom_median_loss_scaled at 0x000001BAFB5578B0>, 'lambda_sign': 2.0})",<class '__main__.CustomLossWrapper'>,"{'loss_function': <function custom_median_loss_scaled at 0x000001BAFB5578B0>, 'lambda_sign': 2.0}","[(<class 'keras.src.metrics.regression_metrics.MeanSquaredError'>, {}), (<class 'keras.src.metrics.regression_metrics.MeanAbsoluteError'>, {}), (<class 'keras.src.metrics.regression_metrics.MeanAbsolutePercentageError'>, {}), (<class 'keras.src.metrics.regression_metrics.RootMeanSquaredError'>, {}), (<class 'keras.src.metrics.regression_metrics.CosineSimilarity'>, {}), (<class 'keras.src.metrics.regression_metrics.LogCoshError'>, {}), (<class 'tensorflow_addons.metrics.r_square.RSquare'>, {})]",200,"[{'nodes': 128, 'activation': 'softplus', 'l2_reg': 0.0001, 'l1_reg': 0.001}]",0.99,True,PCA(n_components=0.99),1,True,"{'enabled': True, 'contamination': 0.05, 'remove_outliers': False}",False,True,"{'method': <function cosine_annealing_50 at 0x000001BAC637EB80>, 'description': 'Cosine Annealing with 50 epochs cycle'}",True,0.9,val_mean_squared_error,<keras.src.engine.sequential.Sequential object at 0x000001BC592478E0>,StandardScaler(),IsolationForest(contamination=0.05),"[1.06684103e+01 3.11342499e+02 1.32713995e+01 1.71774200e+02
 1.76448994e+01 1.09659195e-01 1.26012545e+01 8.45873356e-03]",[0. 0. 0. 0. 0. 0. 0. 0.],13.271400066890127,10.221249160300554,0.5548295956206958,0.59313515264277,0.10738507983521761,16.20864735877089,12.220103149271301,9.433496004046777,10.664702298302009,0.5611246511956484,0.03388385670395529,0.32425629596012306,-0.19522651939827684,16.7903275970451,12.664993078176163,9.866723869231354,11.02716893512151,0.5707953705983748,0.034476309829890965,0.03418008326692312,0.03417751597719705,0.03417879959795532
0.001,64,"(<class 'keras.src.optimizers.adam.Adam'>, {'beta_1': 0.99, 'beta_2': 0.9995, 'epsilon': 1e-06, 'amsgrad': False, 'learning_rate': 0.001})",<class 'keras.src.optimizers.adam.Adam'>,"{'beta_1': 0.99, 'beta_2': 0.9995, 'epsilon': 1e-06, 'amsgrad': False, 'learning_rate': 0.001}","(<class '__main__.CustomLossWrapper'>, {'loss_function': <function custom_median_loss_scaled at 0x000001BAFB5578B0>, 'lambda_sign': 2.0})",<class '__main__.CustomLossWrapper'>,"{'loss_function': <function custom_median_loss_scaled at 0x000001BAFB5578B0>, 'lambda_sign': 2.0}","[(<class 'keras.src.metrics.regression_metrics.MeanSquaredError'>, {}), (<class 'keras.src.metrics.regression_metrics.MeanAbsoluteError'>, {}), (<class 'keras.src.metrics.regression_metrics.MeanAbsolutePercentageError'>, {}), (<class 'keras.src.metrics.regression_metrics.RootMeanSquaredError'>, {}), (<class 'keras.src.metrics.regression_metrics.CosineSimilarity'>, {}), (<class 'keras.src.metrics.regression_metrics.LogCoshError'>, {}), (<class 'tensorflow_addons.metrics.r_square.RSquare'>, {})]",200,"[{'nodes': 128, 'activation': 'softplus', 'l2_reg': 0.0001, 'l1_reg': 0.001}]",0.99,True,PCA(n_components=0.99),1,True,"{'enabled': True, 'contamination': 0.05, 'remove_outliers': False}",False,True,"{'method': <function cosine_annealing_50 at 0x000001BAC637EB80>, 'description': 'Cosine Annealing with 50 epochs cycle'}",True,0.9,val_root_mean_squared_error,<keras.src.engine.sequential.Sequential object at 0x000001BC60C4FE20>,StandardScaler(),IsolationForest(contamination=0.05),"[1.06405315e+01 3.10218842e+02 1.32484207e+01 2.11588440e+02
 1.76130314e+01 1.13897227e-01 1.25791321e+01 1.20372772e-02]",[0. 0. 0. 0. 0. 0. 0. 0.],13.248424323917867,10.18581525341212,0.5569486138089352,0.7802373040584983,0.2781985338748658,16.1899234359574,12.20326479634852,9.370224632869094,10.66759019677287,0.5615131927519339,0.04036369122946024,0.42079006854979634,-0.008114336604875788,16.713529716310767,12.607123837617806,9.801687656810927,10.97998264012503,0.5727653287367643,0.0408405300759522,0.04060211065270622,0.04060071063136578,0.04060141063600154
0.001,64,"(<class 'keras.src.optimizers.adam.Adam'>, {'beta_1': 0.99, 'beta_2': 0.9995, 'epsilon': 1e-06, 'amsgrad': False, 'learning_rate': 0.001})",<class 'keras.src.optimizers.adam.Adam'>,"{'beta_1': 0.99, 'beta_2': 0.9995, 'epsilon': 1e-06, 'amsgrad': False, 'learning_rate': 0.001}","(<class '__main__.CustomLossWrapper'>, {'loss_function': <function custom_median_loss_scaled at 0x000001BAFB5578B0>, 'lambda_sign': 1.0})",<class '__main__.CustomLossWrapper'>,"{'loss_function': <function custom_median_loss_scaled at 0x000001BAFB5578B0>, 'lambda_sign': 1.0}","[(<class 'keras.src.metrics.regression_metrics.MeanSquaredError'>, {}), (<class 'keras.src.metrics.regression_metrics.MeanAbsoluteError'>, {}), (<class 'keras.src.metrics.regression_metrics.MeanAbsolutePercentageError'>, {}), (<class 'keras.src.metrics.regression_metrics.RootMeanSquaredError'>, {}), (<class 'keras.src.metrics.regression_metrics.CosineSimilarity'>, {}), (<class 'keras.src.metrics.regression_metrics.LogCoshError'>, {}), (<class 'tensorflow_addons.metrics.r_square.RSquare'>, {})]",200,"[{'nodes': 128, 'activation': 'softplus', 'l2_reg': 0.0001, 'l1_reg': 0.001}]",0.99,True,PCA(n_components=0.99),1,True,"{'enabled': True, 'contamination': 0.05, 'remove_outliers': False}",False,True,"{'method': <function cosine_annealing_50 at 0x000001BAC637EB80>, 'description': 'Cosine Annealing with 50 epochs cycle'}",True,0.9,loss,<keras.src.engine.sequential.Sequential object at 0x000001BC67297D30>,StandardScaler(),IsolationForest(contamination=0.05),"[1.05277729e+01 3.10851349e+02 1.32451744e+01 2.77599854e+02
 1.76309776e+01 1.24845490e-01 1.25744047e+01 1.00228786e-02]",[0. 0. 0. 0. 0. 0. 0. 0.],13.24517210529087,10.19161955754393,0.5624227441285538,1.238585295088187,0.7622921065532284,16.20190254796564,12.21826728492441,9.352955694634543,10.711884296795898,0.5632086468157254,0.042132261439149735,0.8965940970646853,0.35886979159713206,16.772523098780148,12.646741967722292,9.78210413062018,11.052679948082664,0.5674710662398424,0.042756906648848625,0.04244458404399918,0.042442285861281716,0.042443434937085495
0.001,64,"(<class 'keras.src.optimizers.adam.Adam'>, {'beta_1': 0.99, 'beta_2': 0.9995, 'epsilon': 1e-06, 'amsgrad': False, 'learning_rate': 0.001})",<class 'keras.src.optimizers.adam.Adam'>,"{'beta_1': 0.99, 'beta_2': 0.9995, 'epsilon': 1e-06, 'amsgrad': False, 'learning_rate': 0.001}","(<class '__main__.CustomLossWrapper'>, {'loss_function': <function custom_median_loss_scaled at 0x000001BAFB5578B0>, 'lambda_sign': 1.0})",<class '__main__.CustomLossWrapper'>,"{'loss_function': <function custom_median_loss_scaled at 0x000001BAFB5578B0>, 'lambda_sign': 1.0}","[(<class 'keras.src.metrics.regression_metrics.MeanSquaredError'>, {}), (<class 'keras.src.metrics.regression_metrics.MeanAbsoluteError'>, {}), (<class 'keras.src.metrics.regression_metrics.MeanAbsolutePercentageError'>, {}), (<class 'keras.src.metrics.regression_metrics.RootMeanSquaredError'>, {}), (<class 'keras.src.metrics.regression_metrics.CosineSimilarity'>, {}), (<class 'keras.src.metrics.regression_metrics.LogCoshError'>, {}), (<class 'tensorflow_addons.metrics.r_square.RSquare'>, {})]",200,"[{'nodes': 128, 'activation': 'softplus', 'l2_reg': 0.0001, 'l1_reg': 0.001}]",0.99,True,PCA(n_components=0.99),1,True,"{'enabled': True, 'contamination': 0.05, 'remove_outliers': False}",False,True,"{'method': <function cosine_annealing_50 at 0x000001BAC637EB80>, 'description': 'Cosine Annealing with 50 epochs cycle'}",True,0.9,val_loss,<keras.src.engine.sequential.Sequential object at 0x000001BC6B5F5700>,StandardScaler(),IsolationForest(contamination=0.05),"[1.05854330e+01 3.11174316e+02 1.32701235e+01 2.24031937e+02
 1.76401329e+01 1.17782094e-01 1.26006756e+01 8.99434090e-03]",[0. 0. 0. 0. 0. 0. 0. 0.],13.270120945298272,10.26933113145206,0.5588910471481547,1.1778615345076335,0.7063114730872,16.210443053983926,12.242782000985706,9.470767411525891,10.689942246763735,0.5597117728091554,0.030066766154122,0.8074099793908278,0.27514867160416956,16.780376736914853,12.662814643381218,9.835880007144691,11.039312259794418,0.5671016990888944,0.037494584176645564,0.033780675165383786,0.03337236123807466,0.033575897523152605
0.001,64,"(<class 'keras.src.optimizers.adam.Adam'>, {'beta_1': 0.99, 'beta_2': 0.9995, 'epsilon': 1e-06, 'amsgrad': False, 'learning_rate': 0.001})",<class 'keras.src.optimizers.adam.Adam'>,"{'beta_1': 0.99, 'beta_2': 0.9995, 'epsilon': 1e-06, 'amsgrad': False, 'learning_rate': 0.001}","(<class '__main__.CustomLossWrapper'>, {'loss_function': <function custom_median_loss_scaled at 0x000001BAFB5578B0>, 'lambda_sign': 1.0})",<class '__main__.CustomLossWrapper'>,"{'loss_function': <function custom_median_loss_scaled at 0x000001BAFB5578B0>, 'lambda_sign': 1.0}","[(<class 'keras.src.metrics.regression_metrics.MeanSquaredError'>, {}), (<class 'keras.src.metrics.regression_metrics.MeanAbsoluteError'>, {}), (<class 'keras.src.metrics.regression_metrics.MeanAbsolutePercentageError'>, {}), (<class 'keras.src.metrics.regression_metrics.RootMeanSquaredError'>, {}), (<class 'keras.src.metrics.regression_metrics.CosineSimilarity'>, {}), (<class 'keras.src.metrics.regression_metrics.LogCoshError'>, {}), (<class 'tensorflow_addons.metrics.r_square.RSquare'>, {})]",200,"[{'nodes': 128, 'activation': 'softplus', 'l2_reg': 0.0001, 'l1_reg': 0.001}]",0.99,True,PCA(n_components=0.99),1,True,"{'enabled': True, 'contamination': 0.05, 'remove_outliers': False}",False,True,"{'method': <function cosine_annealing_50 at 0x000001BAC637EB80>, 'description': 'Cosine Annealing with 50 epochs cycle'}",True,0.9,val_mean_absolute_error,<keras.src.engine.sequential.Sequential object at 0x000001BC6E0C6220>,StandardScaler(),IsolationForest(contamination=0.05),"[1.04824343e+01 3.10157166e+02 1.32384615e+01 2.30237946e+02
 1.76112804e+01 1.20607451e-01 1.25673819e+01 1.22336745e-02]",[0. 0. 0. 0. 0. 0. 0. 0.],13.238464937329255,10.12230480688812,0.5603037259403143,1.3311469030664969,0.7829988908345745,16.192765754962444,12.208077511718992,9.347292909816485,10.720786186709251,0.5614072268729469,0.04271220633194359,0.9506885981957256,0.4521442384981973,16.774257527498246,12.643213217824684,9.795584403950556,11.06386512892258,0.5688254124599852,0.04143777342662126,0.04207498987928243,0.04206533937648475,0.04207016435116669
0.001,64,"(<class 'keras.src.optimizers.adam.Adam'>, {'beta_1': 0.99, 'beta_2': 0.9995, 'epsilon': 1e-06, 'amsgrad': False, 'learning_rate': 0.001})",<class 'keras.src.optimizers.adam.Adam'>,"{'beta_1': 0.99, 'beta_2': 0.9995, 'epsilon': 1e-06, 'amsgrad': False, 'learning_rate': 0.001}","(<class '__main__.CustomLossWrapper'>, {'loss_function': <function custom_median_loss_scaled at 0x000001BAFB5578B0>, 'lambda_sign': 1.0})",<class '__main__.CustomLossWrapper'>,"{'loss_function': <function custom_median_loss_scaled at 0x000001BAFB5578B0>, 'lambda_sign': 1.0}","[(<class 'keras.src.metrics.regression_metrics.MeanSquaredError'>, {}), (<class 'keras.src.metrics.regression_metrics.MeanAbsoluteError'>, {}), (<class 'keras.src.metrics.regression_metrics.MeanAbsolutePercentageError'>, {}), (<class 'keras.src.metrics.regression_metrics.RootMeanSquaredError'>, {}), (<class 'keras.src.metrics.regression_metrics.CosineSimilarity'>, {}), (<class 'keras.src.metrics.regression_metrics.LogCoshError'>, {}), (<class 'tensorflow_addons.metrics.r_square.RSquare'>, {})]",200,"[{'nodes': 128, 'activation': 'softplus', 'l2_reg': 0.0001, 'l1_reg': 0.001}]",0.99,True,PCA(n_components=0.99),1,True,"{'enabled': True, 'contamination': 0.05, 'remove_outliers': False}",False,True,"{'method': <function cosine_annealing_50 at 0x000001BAC637EB80>, 'description': 'Cosine Annealing with 50 epochs cycle'}",True,0.9,val_mean_squared_error,<keras.src.engine.sequential.Sequential object at 0x000001BC737D3D30>,StandardScaler(),IsolationForest(contamination=0.05),"[1.05527239e+01 3.10976105e+02 1.32695818e+01 1.91331985e+02
 1.76345139e+01 1.05774328e-01 1.26001205e+01 9.62561369e-03]",[0. 0. 0. 0. 0. 0. 0. 0.],13.269580039436438,10.252565779998314,0.5528871622814763,0.4821800794889785,0.007516057339673754,16.214048766027208,12.238323115310568,9.44633693038015,10.646409721861813,0.5582282505033379,0.032568774127970164,0.25640263789366713,-0.13272280375306714,16.759142851877524,12.660861993537775,9.831913788763647,10.982597802286685,0.5671016990888944,0.03788270467723329,0.03522573940260173,0.03502533297848344,0.03512539326455164
0.001,64,"(<class 'keras.src.optimizers.adam.Adam'>, {'beta_1': 0.99, 'beta_2': 0.9995, 'epsilon': 1e-06, 'amsgrad': False, 'learning_rate': 0.001})",<class 'keras.src.optimizers.adam.Adam'>,"{'beta_1': 0.99, 'beta_2': 0.9995, 'epsilon': 1e-06, 'amsgrad': False, 'learning_rate': 0.001}","(<class '__main__.CustomLossWrapper'>, {'loss_function': <function custom_median_loss_scaled at 0x000001BAFB5578B0>, 'lambda_sign': 1.0})",<class '__main__.CustomLossWrapper'>,"{'loss_function': <function custom_median_loss_scaled at 0x000001BAFB5578B0>, 'lambda_sign': 1.0}","[(<class 'keras.src.metrics.regression_metrics.MeanSquaredError'>, {}), (<class 'keras.src.metrics.regression_metrics.MeanAbsoluteError'>, {}), (<class 'keras.src.metrics.regression_metrics.MeanAbsolutePercentageError'>, {}), (<class 'keras.src.metrics.regression_metrics.RootMeanSquaredError'>, {}), (<class 'keras.src.metrics.regression_metrics.CosineSimilarity'>, {}), (<class 'keras.src.metrics.regression_metrics.LogCoshError'>, {}), (<class 'tensorflow_addons.metrics.r_square.RSquare'>, {})]",200,"[{'nodes': 128, 'activation': 'softplus', 'l2_reg': 0.0001, 'l1_reg': 0.001}]",0.99,True,PCA(n_components=0.99),1,True,"{'enabled': True, 'contamination': 0.05, 'remove_outliers': False}",False,True,"{'method': <function cosine_annealing_50 at 0x000001BAC637EB80>, 'description': 'Cosine Annealing with 50 epochs cycle'}",True,0.9,val_root_mean_squared_error,<keras.src.engine.sequential.Sequential object at 0x000001BC791CF250>,StandardScaler(),IsolationForest(contamination=0.05),"[1.05719213e+01 3.11266937e+02 1.32860193e+01 1.76598373e+02
 1.76427593e+01 1.17075756e-01 1.26184053e+01 8.69935751e-03]",[0. 0. 0. 0. 0. 0. 0. 0.],13.286016673994101,10.293811341313466,0.5585378774501147,0.41972232282149285,-0.004296101040108635,16.21807150556117,12.251468204625159,9.50240512418433,10.634765690042931,0.5601356363251033,0.026826641292335095,0.1038445642324144,-0.31838162145935334,16.768522936091045,12.67023662222264,9.88461895063042,10.983600618356855,0.5704260034474268,0.03272515866185214,0.029775899977093616,0.02948378028310234,0.029629480128012038
0.001,64,"(<class 'keras.src.optimizers.adam.Adam'>, {'beta_1': 0.85, 'beta_2': 0.95, 'epsilon': 1e-08, 'amsgrad': False, 'learning_rate': 0.001})",<class 'keras.src.optimizers.adam.Adam'>,"{'beta_1': 0.85, 'beta_2': 0.95, 'epsilon': 1e-08, 'amsgrad': False, 'learning_rate': 0.001}","(<class '__main__.CustomLossWrapper'>, {'loss_function': <function custom_median_loss_scaled at 0x000001BAFB5578B0>, 'lambda_sign': 2.0})",<class '__main__.CustomLossWrapper'>,"{'loss_function': <function custom_median_loss_scaled at 0x000001BAFB5578B0>, 'lambda_sign': 2.0}","[(<class 'keras.src.metrics.regression_metrics.MeanSquaredError'>, {}), (<class 'keras.src.metrics.regression_metrics.MeanAbsoluteError'>, {}), (<class 'keras.src.metrics.regression_metrics.MeanAbsolutePercentageError'>, {}), (<class 'keras.src.metrics.regression_metrics.RootMeanSquaredError'>, {}), (<class 'keras.src.metrics.regression_metrics.CosineSimilarity'>, {}), (<class 'keras.src.metrics.regression_metrics.LogCoshError'>, {}), (<class 'tensorflow_addons.metrics.r_square.RSquare'>, {})]",200,"[{'nodes': 128, 'activation': 'softplus', 'l2_reg': 0.0001, 'l1_reg': 0.001}]",0.99,True,PCA(n_components=0.99),1,True,"{'enabled': True, 'contamination': 0.05, 'remove_outliers': False}",False,True,"{'method': <function cosine_annealing_50 at 0x000001BAC637EB80>, 'description': 'Cosine Annealing with 50 epochs cycle'}",True,0.9,loss,<keras.src.engine.sequential.Sequential object at 0x000001BC8CA4F550>,StandardScaler(),IsolationForest(contamination=0.05),"[1.06448231e+01 3.11669891e+02 1.32837858e+01 1.99304825e+02
 1.76541748e+01 1.19901113e-01 1.26152534e+01 7.41600990e-03]",[0. 0. 0. 0. 0. 0. 0. 0.],13.283782487753284,10.240272946353379,0.5599505562422744,0.5102521957610645,0.03509198345222231,16.20295226759926,12.233963137695799,9.49534954292485,10.635830377184787,0.5625728515418036,0.027549227166352247,0.3202730312650062,-0.18953440893496232,16.787903851710556,12.674257335727361,9.895555510238378,11.012707375863494,0.5663629647869983,0.031654944522854146,0.029602085844603197,0.02945972328356635,0.029530818776295157
0.001,64,"(<class 'keras.src.optimizers.adam.Adam'>, {'beta_1': 0.85, 'beta_2': 0.95, 'epsilon': 1e-08, 'amsgrad': False, 'learning_rate': 0.001})",<class 'keras.src.optimizers.adam.Adam'>,"{'beta_1': 0.85, 'beta_2': 0.95, 'epsilon': 1e-08, 'amsgrad': False, 'learning_rate': 0.001}","(<class '__main__.CustomLossWrapper'>, {'loss_function': <function custom_median_loss_scaled at 0x000001BAFB5578B0>, 'lambda_sign': 2.0})",<class '__main__.CustomLossWrapper'>,"{'loss_function': <function custom_median_loss_scaled at 0x000001BAFB5578B0>, 'lambda_sign': 2.0}","[(<class 'keras.src.metrics.regression_metrics.MeanSquaredError'>, {}), (<class 'keras.src.metrics.regression_metrics.MeanAbsoluteError'>, {}), (<class 'keras.src.metrics.regression_metrics.MeanAbsolutePercentageError'>, {}), (<class 'keras.src.metrics.regression_metrics.RootMeanSquaredError'>, {}), (<class 'keras.src.metrics.regression_metrics.CosineSimilarity'>, {}), (<class 'keras.src.metrics.regression_metrics.LogCoshError'>, {}), (<class 'tensorflow_addons.metrics.r_square.RSquare'>, {})]",200,"[{'nodes': 128, 'activation': 'softplus', 'l2_reg': 0.0001, 'l1_reg': 0.001}]",0.99,True,PCA(n_components=0.99),1,True,"{'enabled': True, 'contamination': 0.05, 'remove_outliers': False}",False,True,"{'method': <function cosine_annealing_50 at 0x000001BAC637EB80>, 'description': 'Cosine Annealing with 50 epochs cycle'}",True,0.9,val_loss,<keras.src.engine.sequential.Sequential object at 0x000001BC8C8CC520>,StandardScaler(),IsolationForest(contamination=0.05),"[1.05806274e+01 3.11016998e+02 1.32395153e+01 2.84936188e+02
 1.76356735e+01 1.31555706e-01 1.25698624e+01 9.49531794e-03]",[0. 0. 0. 0. 0. 0. 0. 0.],13.239513186420652,10.15207255736529,0.5657778562599329,1.7452200912034987,1.218233271812021,16.21956348938704,12.244541144330585,9.326453077601846,10.778963620836448,0.5601709582847656,0.04484648383813077,1.4040832859488102,0.9330061463386045,16.77626121929474,12.658573736629348,9.828390420186778,11.097540835179295,0.5659935976360503,0.038227489417867994,0.04153698662799939,0.04127329942598929,0.041404933116124365
0.001,64,"(<class 'keras.src.optimizers.adam.Adam'>, {'beta_1': 0.85, 'beta_2': 0.95, 'epsilon': 1e-08, 'amsgrad': False, 'learning_rate': 0.001})",<class 'keras.src.optimizers.adam.Adam'>,"{'beta_1': 0.85, 'beta_2': 0.95, 'epsilon': 1e-08, 'amsgrad': False, 'learning_rate': 0.001}","(<class '__main__.CustomLossWrapper'>, {'loss_function': <function custom_median_loss_scaled at 0x000001BAFB5578B0>, 'lambda_sign': 2.0})",<class '__main__.CustomLossWrapper'>,"{'loss_function': <function custom_median_loss_scaled at 0x000001BAFB5578B0>, 'lambda_sign': 2.0}","[(<class 'keras.src.metrics.regression_metrics.MeanSquaredError'>, {}), (<class 'keras.src.metrics.regression_metrics.MeanAbsoluteError'>, {}), (<class 'keras.src.metrics.regression_metrics.MeanAbsolutePercentageError'>, {}), (<class 'keras.src.metrics.regression_metrics.RootMeanSquaredError'>, {}), (<class 'keras.src.metrics.regression_metrics.CosineSimilarity'>, {}), (<class 'keras.src.metrics.regression_metrics.LogCoshError'>, {}), (<class 'tensorflow_addons.metrics.r_square.RSquare'>, {})]",200,"[{'nodes': 128, 'activation': 'softplus', 'l2_reg': 0.0001, 'l1_reg': 0.001}]",0.99,True,PCA(n_components=0.99),1,True,"{'enabled': True, 'contamination': 0.05, 'remove_outliers': False}",False,True,"{'method': <function cosine_annealing_50 at 0x000001BAC637EB80>, 'description': 'Cosine Annealing with 50 epochs cycle'}",True,0.9,val_mean_absolute_error,<keras.src.engine.sequential.Sequential object at 0x000001BC8E754430>,StandardScaler(),IsolationForest(contamination=0.05),"[1.06159821e+01 3.12350159e+02 1.32591534e+01 4.64816742e+02
 1.76734314e+01 1.16722584e-01 1.25898504e+01 5.24961948e-03]",[0. 0. 0. 0. 0. 0. 0. 0.],13.25915835648056,10.211556336827513,0.5583612926010948,1.535231653385791,0.9300877880003683,16.24129335072687,12.241039507440258,9.346057032153762,10.783704745063009,0.5613719049132846,0.04283877673178082,1.25469427725568,0.7140527738494605,16.813129349685727,12.670522724620959,9.791444377589041,11.121773924516447,0.5604530903718296,0.04184290217887478,0.042340839455327794,0.04233498360706237,0.0423379114299532
0.001,64,"(<class 'keras.src.optimizers.adam.Adam'>, {'beta_1': 0.85, 'beta_2': 0.95, 'epsilon': 1e-08, 'amsgrad': False, 'learning_rate': 0.001})",<class 'keras.src.optimizers.adam.Adam'>,"{'beta_1': 0.85, 'beta_2': 0.95, 'epsilon': 1e-08, 'amsgrad': False, 'learning_rate': 0.001}","(<class '__main__.CustomLossWrapper'>, {'loss_function': <function custom_median_loss_scaled at 0x000001BAFB5578B0>, 'lambda_sign': 2.0})",<class '__main__.CustomLossWrapper'>,"{'loss_function': <function custom_median_loss_scaled at 0x000001BAFB5578B0>, 'lambda_sign': 2.0}","[(<class 'keras.src.metrics.regression_metrics.MeanSquaredError'>, {}), (<class 'keras.src.metrics.regression_metrics.MeanAbsoluteError'>, {}), (<class 'keras.src.metrics.regression_metrics.MeanAbsolutePercentageError'>, {}), (<class 'keras.src.metrics.regression_metrics.RootMeanSquaredError'>, {}), (<class 'keras.src.metrics.regression_metrics.CosineSimilarity'>, {}), (<class 'keras.src.metrics.regression_metrics.LogCoshError'>, {}), (<class 'tensorflow_addons.metrics.r_square.RSquare'>, {})]",200,"[{'nodes': 128, 'activation': 'softplus', 'l2_reg': 0.0001, 'l1_reg': 0.001}]",0.99,True,PCA(n_components=0.99),1,True,"{'enabled': True, 'contamination': 0.05, 'remove_outliers': False}",False,True,"{'method': <function cosine_annealing_50 at 0x000001BAC637EB80>, 'description': 'Cosine Annealing with 50 epochs cycle'}",True,0.9,val_mean_squared_error,<keras.src.engine.sequential.Sequential object at 0x000001BC8FCCC340>,StandardScaler(),IsolationForest(contamination=0.05),"[1.06027241e+01 3.10861359e+02 1.32689562e+01 2.67474121e+02
 1.76312599e+01 1.25904992e-01 1.26005554e+01 9.99099016e-03]",[0. 0. 0. 0. 0. 0. 0. 0.],13.26895728943599,10.24618924987777,0.5629524986756136,0.3535110480832223,-0.11848516858993463,16.212747368989884,12.228391159051217,9.423893773017959,10.65078961311239,0.5661050475080357,0.034867253570251736,0.050340619934403225,-0.4285438437545245,16.832980571327482,12.695777185188128,9.909045415672404,11.052111265261274,0.5641467618813101,0.030334868736064998,0.03260106115315837,0.03244353167744085,0.0325222010362257
0.001,64,"(<class 'keras.src.optimizers.adam.Adam'>, {'beta_1': 0.85, 'beta_2': 0.95, 'epsilon': 1e-08, 'amsgrad': False, 'learning_rate': 0.001})",<class 'keras.src.optimizers.adam.Adam'>,"{'beta_1': 0.85, 'beta_2': 0.95, 'epsilon': 1e-08, 'amsgrad': False, 'learning_rate': 0.001}","(<class '__main__.CustomLossWrapper'>, {'loss_function': <function custom_median_loss_scaled at 0x000001BAFB5578B0>, 'lambda_sign': 2.0})",<class '__main__.CustomLossWrapper'>,"{'loss_function': <function custom_median_loss_scaled at 0x000001BAFB5578B0>, 'lambda_sign': 2.0}","[(<class 'keras.src.metrics.regression_metrics.MeanSquaredError'>, {}), (<class 'keras.src.metrics.regression_metrics.MeanAbsoluteError'>, {}), (<class 'keras.src.metrics.regression_metrics.MeanAbsolutePercentageError'>, {}), (<class 'keras.src.metrics.regression_metrics.RootMeanSquaredError'>, {}), (<class 'keras.src.metrics.regression_metrics.CosineSimilarity'>, {}), (<class 'keras.src.metrics.regression_metrics.LogCoshError'>, {}), (<class 'tensorflow_addons.metrics.r_square.RSquare'>, {})]",200,"[{'nodes': 128, 'activation': 'softplus', 'l2_reg': 0.0001, 'l1_reg': 0.001}]",0.99,True,PCA(n_components=0.99),1,True,"{'enabled': True, 'contamination': 0.05, 'remove_outliers': False}",False,True,"{'method': <function cosine_annealing_50 at 0x000001BAC637EB80>, 'description': 'Cosine Annealing with 50 epochs cycle'}",True,0.9,val_root_mean_squared_error,<keras.src.engine.sequential.Sequential object at 0x000001BC9D95E340>,StandardScaler(),IsolationForest(contamination=0.05),"[1.06443052e+01 3.11080902e+02 1.32740984e+01 2.16863434e+02
 1.76374855e+01 1.10718697e-01 1.26053076e+01 9.29182768e-03]",[0. 0. 0. 0. 0. 0. 0. 0.],13.274099094616162,10.233226989492286,0.5553593501677556,0.4611103993383755,-0.012088070972083975,16.218227933653164,12.221407366397502,9.456516511629248,10.67124517712463,0.5625022076224789,0.03152624887831424,-0.0049551185185163415,-0.550053662278151,16.79408946171963,12.661678391827442,9.837223195268116,11.031936572027504,0.5672248214725437,0.03736314440284527,0.03444469664057975,0.03419742091538036,0.034320836081315004
0.001,64,"(<class 'keras.src.optimizers.adam.Adam'>, {'beta_1': 0.85, 'beta_2': 0.95, 'epsilon': 1e-08, 'amsgrad': False, 'learning_rate': 0.001})",<class 'keras.src.optimizers.adam.Adam'>,"{'beta_1': 0.85, 'beta_2': 0.95, 'epsilon': 1e-08, 'amsgrad': False, 'learning_rate': 0.001}","(<class '__main__.CustomLossWrapper'>, {'loss_function': <function custom_median_loss_scaled at 0x000001BAFB5578B0>, 'lambda_sign': 1.0})",<class '__main__.CustomLossWrapper'>,"{'loss_function': <function custom_median_loss_scaled at 0x000001BAFB5578B0>, 'lambda_sign': 1.0}","[(<class 'keras.src.metrics.regression_metrics.MeanSquaredError'>, {}), (<class 'keras.src.metrics.regression_metrics.MeanAbsoluteError'>, {}), (<class 'keras.src.metrics.regression_metrics.MeanAbsolutePercentageError'>, {}), (<class 'keras.src.metrics.regression_metrics.RootMeanSquaredError'>, {}), (<class 'keras.src.metrics.regression_metrics.CosineSimilarity'>, {}), (<class 'keras.src.metrics.regression_metrics.LogCoshError'>, {}), (<class 'tensorflow_addons.metrics.r_square.RSquare'>, {})]",200,"[{'nodes': 128, 'activation': 'softplus', 'l2_reg': 0.0001, 'l1_reg': 0.001}]",0.99,True,PCA(n_components=0.99),1,True,"{'enabled': True, 'contamination': 0.05, 'remove_outliers': False}",False,True,"{'method': <function cosine_annealing_50 at 0x000001BAC637EB80>, 'description': 'Cosine Annealing with 50 epochs cycle'}",True,0.9,loss,<keras.src.engine.sequential.Sequential object at 0x000001BCAF12FA30>,StandardScaler(),IsolationForest(contamination=0.05),"[1.05466118e+01 3.10989929e+02 1.32522974e+01 2.04227127e+02
 1.76349068e+01 1.21666960e-01 1.25822496e+01 9.58150625e-03]",[0. 0. 0. 0. 0. 0. 0. 0.],13.252297488385725,10.16475285539238,0.5608334804873741,1.1942092655942844,0.6234569444496837,16.229228853497094,12.228343625211984,9.372193163908532,10.736684103814383,0.5617251245099079,0.04016208732620269,0.6997904503307442,0.1960041207830449,16.794137486533216,12.650977691205782,9.730747924374825,11.066430161760012,0.5684560453090372,0.047782448502896216,0.04397226791454945,0.04364211718991487,0.043806881530566645
0.001,64,"(<class 'keras.src.optimizers.adam.Adam'>, {'beta_1': 0.85, 'beta_2': 0.95, 'epsilon': 1e-08, 'amsgrad': False, 'learning_rate': 0.001})",<class 'keras.src.optimizers.adam.Adam'>,"{'beta_1': 0.85, 'beta_2': 0.95, 'epsilon': 1e-08, 'amsgrad': False, 'learning_rate': 0.001}","(<class '__main__.CustomLossWrapper'>, {'loss_function': <function custom_median_loss_scaled at 0x000001BAFB5578B0>, 'lambda_sign': 1.0})",<class '__main__.CustomLossWrapper'>,"{'loss_function': <function custom_median_loss_scaled at 0x000001BAFB5578B0>, 'lambda_sign': 1.0}","[(<class 'keras.src.metrics.regression_metrics.MeanSquaredError'>, {}), (<class 'keras.src.metrics.regression_metrics.MeanAbsoluteError'>, {}), (<class 'keras.src.metrics.regression_metrics.MeanAbsolutePercentageError'>, {}), (<class 'keras.src.metrics.regression_metrics.RootMeanSquaredError'>, {}), (<class 'keras.src.metrics.regression_metrics.CosineSimilarity'>, {}), (<class 'keras.src.metrics.regression_metrics.LogCoshError'>, {}), (<class 'tensorflow_addons.metrics.r_square.RSquare'>, {})]",200,"[{'nodes': 128, 'activation': 'softplus', 'l2_reg': 0.0001, 'l1_reg': 0.001}]",0.99,True,PCA(n_components=0.99),1,True,"{'enabled': True, 'contamination': 0.05, 'remove_outliers': False}",False,True,"{'method': <function cosine_annealing_50 at 0x000001BAC637EB80>, 'description': 'Cosine Annealing with 50 epochs cycle'}",True,0.9,val_loss,<keras.src.engine.sequential.Sequential object at 0x000001BAEF0D1A60>,StandardScaler(),IsolationForest(contamination=0.05),"[1.05521727e+01 3.12097626e+02 1.32651501e+01 2.93191162e+02
 1.76662846e+01 1.12484552e-01 1.25960321e+01 6.05380535e-03]",[0. 0. 0. 0. 0. 0. 0. 0.],13.26515090364886,10.197914074994026,0.5562422744128553,1.632516722407256,1.1718860261927575,16.23277267820649,12.260234029872844,9.397842383199778,10.76333897055445,0.5552965278513652,0.037535264268284074,1.2339915382274853,0.7942645069799117,16.82140981742984,12.689991454528723,9.80435519486825,11.10977219338671,0.5656242304851022,0.04057949396883987,0.03905737911856197,0.03899806040159422,0.03902770849016945
0.001,64,"(<class 'keras.src.optimizers.adam.Adam'>, {'beta_1': 0.85, 'beta_2': 0.95, 'epsilon': 1e-08, 'amsgrad': False, 'learning_rate': 0.001})",<class 'keras.src.optimizers.adam.Adam'>,"{'beta_1': 0.85, 'beta_2': 0.95, 'epsilon': 1e-08, 'amsgrad': False, 'learning_rate': 0.001}","(<class '__main__.CustomLossWrapper'>, {'loss_function': <function custom_median_loss_scaled at 0x000001BAFB5578B0>, 'lambda_sign': 1.0})",<class '__main__.CustomLossWrapper'>,"{'loss_function': <function custom_median_loss_scaled at 0x000001BAFB5578B0>, 'lambda_sign': 1.0}","[(<class 'keras.src.metrics.regression_metrics.MeanSquaredError'>, {}), (<class 'keras.src.metrics.regression_metrics.MeanAbsoluteError'>, {}), (<class 'keras.src.metrics.regression_metrics.MeanAbsolutePercentageError'>, {}), (<class 'keras.src.metrics.regression_metrics.RootMeanSquaredError'>, {}), (<class 'keras.src.metrics.regression_metrics.CosineSimilarity'>, {}), (<class 'keras.src.metrics.regression_metrics.LogCoshError'>, {}), (<class 'tensorflow_addons.metrics.r_square.RSquare'>, {})]",200,"[{'nodes': 128, 'activation': 'softplus', 'l2_reg': 0.0001, 'l1_reg': 0.001}]",0.99,True,PCA(n_components=0.99),1,True,"{'enabled': True, 'contamination': 0.05, 'remove_outliers': False}",False,True,"{'method': <function cosine_annealing_50 at 0x000001BAC637EB80>, 'description': 'Cosine Annealing with 50 epochs cycle'}",True,0.9,val_mean_absolute_error,<keras.src.engine.sequential.Sequential object at 0x000001BCB2B91B20>,StandardScaler(),IsolationForest(contamination=0.05),"[1.05421944e+01 3.10811462e+02 1.32479458e+01 2.71655579e+02
 1.76298466e+01 1.13190889e-01 1.25783758e+01 1.01499557e-02]",[0. 0. 0. 0. 0. 0. 0. 0.],13.247943509380018,10.215710250329314,0.5565954441108952,0.9419374300579676,0.39067242857361717,16.216628381514273,12.20753292295567,9.355494832786349,10.716211525576638,0.5615131927519339,0.0418722197369573,0.5960732624072271,0.11858241334042985,16.77910713633367,12.643942440813413,9.766332171016163,11.045579071313549,0.5709184929820241,0.04430029641427746,0.04308625807561738,0.04305205020625101,0.043069150744714804
0.001,64,"(<class 'keras.src.optimizers.adam.Adam'>, {'beta_1': 0.85, 'beta_2': 0.95, 'epsilon': 1e-08, 'amsgrad': False, 'learning_rate': 0.001})",<class 'keras.src.optimizers.adam.Adam'>,"{'beta_1': 0.85, 'beta_2': 0.95, 'epsilon': 1e-08, 'amsgrad': False, 'learning_rate': 0.001}","(<class '__main__.CustomLossWrapper'>, {'loss_function': <function custom_median_loss_scaled at 0x000001BAFB5578B0>, 'lambda_sign': 1.0})",<class '__main__.CustomLossWrapper'>,"{'loss_function': <function custom_median_loss_scaled at 0x000001BAFB5578B0>, 'lambda_sign': 1.0}","[(<class 'keras.src.metrics.regression_metrics.MeanSquaredError'>, {}), (<class 'keras.src.metrics.regression_metrics.MeanAbsoluteError'>, {}), (<class 'keras.src.metrics.regression_metrics.MeanAbsolutePercentageError'>, {}), (<class 'keras.src.metrics.regression_metrics.RootMeanSquaredError'>, {}), (<class 'keras.src.metrics.regression_metrics.CosineSimilarity'>, {}), (<class 'keras.src.metrics.regression_metrics.LogCoshError'>, {}), (<class 'tensorflow_addons.metrics.r_square.RSquare'>, {})]",200,"[{'nodes': 128, 'activation': 'softplus', 'l2_reg': 0.0001, 'l1_reg': 0.001}]",0.99,True,PCA(n_components=0.99),1,True,"{'enabled': True, 'contamination': 0.05, 'remove_outliers': False}",False,True,"{'method': <function cosine_annealing_50 at 0x000001BAC637EB80>, 'description': 'Cosine Annealing with 50 epochs cycle'}",True,0.9,val_mean_squared_error,<keras.src.engine.sequential.Sequential object at 0x000001BCB7F4E5B0>,StandardScaler(),IsolationForest(contamination=0.05),"[1.05944710e+01 3.11912842e+02 1.32929249e+01 2.02658554e+02
 1.76610546e+01 1.01183116e-01 1.26233625e+01 6.64228201e-03]",[0. 0. 0. 0. 0. 0. 0. 0.],13.292924513415873,10.247337729450635,0.5505915592442169,0.4897714205338978,-0.03175663077336763,16.236327868106454,12.250673288570988,9.472477515545947,10.666486294155732,0.5607007876797004,0.029891628633548228,0.25247822957458227,-0.15517297064250035,16.811280275265418,12.681020723674367,9.891818438184995,11.038786593985092,0.5721497168185176,0.032020641551293944,0.030956135092421087,0.03091952929529561,0.030937826779837693
0.001,64,"(<class 'keras.src.optimizers.adam.Adam'>, {'beta_1': 0.85, 'beta_2': 0.95, 'epsilon': 1e-08, 'amsgrad': False, 'learning_rate': 0.001})",<class 'keras.src.optimizers.adam.Adam'>,"{'beta_1': 0.85, 'beta_2': 0.95, 'epsilon': 1e-08, 'amsgrad': False, 'learning_rate': 0.001}","(<class '__main__.CustomLossWrapper'>, {'loss_function': <function custom_median_loss_scaled at 0x000001BAFB5578B0>, 'lambda_sign': 1.0})",<class '__main__.CustomLossWrapper'>,"{'loss_function': <function custom_median_loss_scaled at 0x000001BAFB5578B0>, 'lambda_sign': 1.0}","[(<class 'keras.src.metrics.regression_metrics.MeanSquaredError'>, {}), (<class 'keras.src.metrics.regression_metrics.MeanAbsoluteError'>, {}), (<class 'keras.src.metrics.regression_metrics.MeanAbsolutePercentageError'>, {}), (<class 'keras.src.metrics.regression_metrics.RootMeanSquaredError'>, {}), (<class 'keras.src.metrics.regression_metrics.CosineSimilarity'>, {}), (<class 'keras.src.metrics.regression_metrics.LogCoshError'>, {}), (<class 'tensorflow_addons.metrics.r_square.RSquare'>, {})]",200,"[{'nodes': 128, 'activation': 'softplus', 'l2_reg': 0.0001, 'l1_reg': 0.001}]",0.99,True,PCA(n_components=0.99),1,True,"{'enabled': True, 'contamination': 0.05, 'remove_outliers': False}",False,True,"{'method': <function cosine_annealing_50 at 0x000001BAC637EB80>, 'description': 'Cosine Annealing with 50 epochs cycle'}",True,0.9,val_root_mean_squared_error,<keras.src.engine.sequential.Sequential object at 0x000001BCBD260400>,StandardScaler(),IsolationForest(contamination=0.05),"[1.05683451e+01 3.11503876e+02 1.32860022e+01 2.80897552e+02
 1.76494732e+01 1.09659195e-01 1.26152248e+01 7.94476271e-03]",[0. 0. 0. 0. 0. 0. 0. 0.],13.286005713258575,10.317527223555842,0.5548295956206958,0.8174741942652737,0.3028682132603,16.230545904843385,12.245056348648456,9.445434349110112,10.684203603443466,0.5583695383419872,0.03266121052008254,0.35603047952477895,-0.1316523539937346,16.80256137019599,12.679331778809829,9.838182312335384,11.030303318120312,0.5658704752524009,0.037269288502713986,0.03496524951139826,0.03481342460673764,0.0348892544735601
0.001,64,"(<class 'keras.src.optimizers.adam.Adam'>, {'beta_1': 0.99, 'beta_2': 0.9995, 'epsilon': 1e-06, 'amsgrad': False, 'learning_rate': 0.001})",<class 'keras.src.optimizers.adam.Adam'>,"{'beta_1': 0.99, 'beta_2': 0.9995, 'epsilon': 1e-06, 'amsgrad': False, 'learning_rate': 0.001}","(<class '__main__.CustomLossWrapper'>, {'loss_function': <function custom_median_loss_scaled at 0x000001BAFB5578B0>, 'lambda_sign': 2.0})",<class '__main__.CustomLossWrapper'>,"{'loss_function': <function custom_median_loss_scaled at 0x000001BAFB5578B0>, 'lambda_sign': 2.0}","[(<class 'keras.src.metrics.regression_metrics.MeanSquaredError'>, {}), (<class 'keras.src.metrics.regression_metrics.MeanAbsoluteError'>, {}), (<class 'keras.src.metrics.regression_metrics.MeanAbsolutePercentageError'>, {}), (<class 'keras.src.metrics.regression_metrics.RootMeanSquaredError'>, {}), (<class 'keras.src.metrics.regression_metrics.CosineSimilarity'>, {}), (<class 'keras.src.metrics.regression_metrics.LogCoshError'>, {}), (<class 'tensorflow_addons.metrics.r_square.RSquare'>, {})]",200,"[{'nodes': 128, 'activation': 'softplus', 'l2_reg': 0.0001, 'l1_reg': 0.001}]",0.99,True,PCA(n_components=0.99),1,True,"{'enabled': True, 'contamination': 0.05, 'remove_outliers': False}",False,True,"{'method': <function cosine_annealing_50 at 0x000001BAC637EB80>, 'description': 'Cosine Annealing with 50 epochs cycle'}",True,0.9,loss,<keras.src.engine.sequential.Sequential object at 0x000001BCBFBFCB20>,StandardScaler(),IsolationForest(contamination=0.05),"[1.06103010e+01 3.11460358e+02 1.32557497e+01 2.94161255e+02
 1.76482391e+01 1.12837717e-01 1.25860958e+01 8.08334351e-03]",[0. 0. 0. 0. 0. 0. 0. 0.],13.255746426248503,10.22381908116932,0.5564188592618753,1.3207357220929643,0.7401068861891764,16.22684035743569,12.218762287314108,9.331338510722485,10.758779062962299,0.5627494613401152,0.044346150154540055,1.0147004505437422,0.459873539337897,16.816044414718117,12.656451676977682,9.773198722432346,11.117715575272495,0.5682098005417385,0.043628359290064436,0.04398725472230225,0.04398432646655875,0.04398579057006274
0.001,64,"(<class 'keras.src.optimizers.adam.Adam'>, {'beta_1': 0.99, 'beta_2': 0.9995, 'epsilon': 1e-06, 'amsgrad': False, 'learning_rate': 0.001})",<class 'keras.src.optimizers.adam.Adam'>,"{'beta_1': 0.99, 'beta_2': 0.9995, 'epsilon': 1e-06, 'amsgrad': False, 'learning_rate': 0.001}","(<class '__main__.CustomLossWrapper'>, {'loss_function': <function custom_median_loss_scaled at 0x000001BAFB5578B0>, 'lambda_sign': 2.0})",<class '__main__.CustomLossWrapper'>,"{'loss_function': <function custom_median_loss_scaled at 0x000001BAFB5578B0>, 'lambda_sign': 2.0}","[(<class 'keras.src.metrics.regression_metrics.MeanSquaredError'>, {}), (<class 'keras.src.metrics.regression_metrics.MeanAbsoluteError'>, {}), (<class 'keras.src.metrics.regression_metrics.MeanAbsolutePercentageError'>, {}), (<class 'keras.src.metrics.regression_metrics.RootMeanSquaredError'>, {}), (<class 'keras.src.metrics.regression_metrics.CosineSimilarity'>, {}), (<class 'keras.src.metrics.regression_metrics.LogCoshError'>, {}), (<class 'tensorflow_addons.metrics.r_square.RSquare'>, {})]",200,"[{'nodes': 128, 'activation': 'softplus', 'l2_reg': 0.0001, 'l1_reg': 0.001}]",0.99,True,PCA(n_components=0.99),1,True,"{'enabled': True, 'contamination': 0.05, 'remove_outliers': False}",False,True,"{'method': <function cosine_annealing_50 at 0x000001BAC637EB80>, 'description': 'Cosine Annealing with 50 epochs cycle'}",True,0.9,val_loss,<keras.src.engine.sequential.Sequential object at 0x000001BCC0C79910>,StandardScaler(),IsolationForest(contamination=0.05),"[1.06209583e+01 3.11242004e+02 1.32648582e+01 2.63962769e+02
 1.76420517e+01 1.12131380e-01 1.25952892e+01 8.77875090e-03]",[0. 0. 0. 0. 0. 0. 0. 0.],13.264858302250284,10.17691386107214,0.5560656895638354,1.0274176917221245,0.5055161736253204,16.216424866156984,12.220035193414393,9.374960659303225,10.709506287546285,0.5610540072763237,0.03987865878855735,0.6971355878842853,0.19196812819723053,16.802789879584306,12.661772085151046,9.819648078397575,11.067049823883934,0.5671016990888944,0.039082984941702606,0.03948082186512998,0.03947681297650595,0.03947881736993249
0.001,64,"(<class 'keras.src.optimizers.adam.Adam'>, {'beta_1': 0.99, 'beta_2': 0.9995, 'epsilon': 1e-06, 'amsgrad': False, 'learning_rate': 0.001})",<class 'keras.src.optimizers.adam.Adam'>,"{'beta_1': 0.99, 'beta_2': 0.9995, 'epsilon': 1e-06, 'amsgrad': False, 'learning_rate': 0.001}","(<class '__main__.CustomLossWrapper'>, {'loss_function': <function custom_median_loss_scaled at 0x000001BAFB5578B0>, 'lambda_sign': 2.0})",<class '__main__.CustomLossWrapper'>,"{'loss_function': <function custom_median_loss_scaled at 0x000001BAFB5578B0>, 'lambda_sign': 2.0}","[(<class 'keras.src.metrics.regression_metrics.MeanSquaredError'>, {}), (<class 'keras.src.metrics.regression_metrics.MeanAbsoluteError'>, {}), (<class 'keras.src.metrics.regression_metrics.MeanAbsolutePercentageError'>, {}), (<class 'keras.src.metrics.regression_metrics.RootMeanSquaredError'>, {}), (<class 'keras.src.metrics.regression_metrics.CosineSimilarity'>, {}), (<class 'keras.src.metrics.regression_metrics.LogCoshError'>, {}), (<class 'tensorflow_addons.metrics.r_square.RSquare'>, {})]",200,"[{'nodes': 128, 'activation': 'softplus', 'l2_reg': 0.0001, 'l1_reg': 0.001}]",0.99,True,PCA(n_components=0.99),1,True,"{'enabled': True, 'contamination': 0.05, 'remove_outliers': False}",False,True,"{'method': <function cosine_annealing_50 at 0x000001BAC637EB80>, 'description': 'Cosine Annealing with 50 epochs cycle'}",True,0.9,val_mean_absolute_error,<keras.src.engine.sequential.Sequential object at 0x000001BCC40B0160>,StandardScaler(),IsolationForest(contamination=0.05),"[1.06283779e+01 3.11335876e+02 1.32680273e+01 3.10030945e+02
 1.76447124e+01 1.16722584e-01 1.25990438e+01 8.47977400e-03]",[0. 0. 0. 0. 0. 0. 0. 0.],13.268023812122154,10.1699356931477,0.5583612926010948,0.8978017357039474,0.4016385772871223,16.2292236968912,12.222065618447779,9.395176270287816,10.714924811191652,0.5606654657200382,0.03780830988392769,0.5270846219745421,0.03354000647379585,16.778917310799766,12.641070456664387,9.795683713190012,11.045070360674048,0.5672248214725437,0.04142805536573112,0.039618182624829405,0.039535502422931246,0.039576820932915716
0.001,64,"(<class 'keras.src.optimizers.adam.Adam'>, {'beta_1': 0.99, 'beta_2': 0.9995, 'epsilon': 1e-06, 'amsgrad': False, 'learning_rate': 0.001})",<class 'keras.src.optimizers.adam.Adam'>,"{'beta_1': 0.99, 'beta_2': 0.9995, 'epsilon': 1e-06, 'amsgrad': False, 'learning_rate': 0.001}","(<class '__main__.CustomLossWrapper'>, {'loss_function': <function custom_median_loss_scaled at 0x000001BAFB5578B0>, 'lambda_sign': 2.0})",<class '__main__.CustomLossWrapper'>,"{'loss_function': <function custom_median_loss_scaled at 0x000001BAFB5578B0>, 'lambda_sign': 2.0}","[(<class 'keras.src.metrics.regression_metrics.MeanSquaredError'>, {}), (<class 'keras.src.metrics.regression_metrics.MeanAbsoluteError'>, {}), (<class 'keras.src.metrics.regression_metrics.MeanAbsolutePercentageError'>, {}), (<class 'keras.src.metrics.regression_metrics.RootMeanSquaredError'>, {}), (<class 'keras.src.metrics.regression_metrics.CosineSimilarity'>, {}), (<class 'keras.src.metrics.regression_metrics.LogCoshError'>, {}), (<class 'tensorflow_addons.metrics.r_square.RSquare'>, {})]",200,"[{'nodes': 128, 'activation': 'softplus', 'l2_reg': 0.0001, 'l1_reg': 0.001}]",0.99,True,PCA(n_components=0.99),1,True,"{'enabled': True, 'contamination': 0.05, 'remove_outliers': False}",False,True,"{'method': <function cosine_annealing_50 at 0x000001BAC637EB80>, 'description': 'Cosine Annealing with 50 epochs cycle'}",True,0.9,val_mean_squared_error,<keras.src.engine.sequential.Sequential object at 0x000001BCC7CA2DF0>,StandardScaler(),IsolationForest(contamination=0.05),"[1.05869064e+01 3.10257843e+02 1.32413378e+01 2.22684601e+02
 1.76141376e+01 1.10365532e-01 1.25711660e+01 1.19130015e-02]",[0. 0. 0. 0. 0. 0. 0. 0.],13.241339423450023,10.149162262708824,0.5551827653187357,0.6790421194552062,0.08527698182910926,16.20793414238665,12.181458735351292,9.317305932830902,10.712845802702217,0.564162339726608,0.04578327378583247,0.19916607371073794,-0.19687545484457705,16.75816529986655,12.613032406977307,9.777105493449554,11.034835746385234,0.5712878601329722,0.043246056104206836,0.044514664945019655,0.04447851127761642,0.04449658443944179
0.001,64,"(<class 'keras.src.optimizers.adam.Adam'>, {'beta_1': 0.99, 'beta_2': 0.9995, 'epsilon': 1e-06, 'amsgrad': False, 'learning_rate': 0.001})",<class 'keras.src.optimizers.adam.Adam'>,"{'beta_1': 0.99, 'beta_2': 0.9995, 'epsilon': 1e-06, 'amsgrad': False, 'learning_rate': 0.001}","(<class '__main__.CustomLossWrapper'>, {'loss_function': <function custom_median_loss_scaled at 0x000001BAFB5578B0>, 'lambda_sign': 2.0})",<class '__main__.CustomLossWrapper'>,"{'loss_function': <function custom_median_loss_scaled at 0x000001BAFB5578B0>, 'lambda_sign': 2.0}","[(<class 'keras.src.metrics.regression_metrics.MeanSquaredError'>, {}), (<class 'keras.src.metrics.regression_metrics.MeanAbsoluteError'>, {}), (<class 'keras.src.metrics.regression_metrics.MeanAbsolutePercentageError'>, {}), (<class 'keras.src.metrics.regression_metrics.RootMeanSquaredError'>, {}), (<class 'keras.src.metrics.regression_metrics.CosineSimilarity'>, {}), (<class 'keras.src.metrics.regression_metrics.LogCoshError'>, {}), (<class 'tensorflow_addons.metrics.r_square.RSquare'>, {})]",200,"[{'nodes': 128, 'activation': 'softplus', 'l2_reg': 0.0001, 'l1_reg': 0.001}]",0.99,True,PCA(n_components=0.99),1,True,"{'enabled': True, 'contamination': 0.05, 'remove_outliers': False}",False,True,"{'method': <function cosine_annealing_50 at 0x000001BAC637EB80>, 'description': 'Cosine Annealing with 50 epochs cycle'}",True,0.9,val_root_mean_squared_error,<keras.src.engine.sequential.Sequential object at 0x000001BCC8AA1BB0>,StandardScaler(),IsolationForest(contamination=0.05),"[1.06460505e+01 3.11438599e+02 1.32810297e+01 2.64521973e+02
 1.76476231e+01 1.18135266e-01 1.26114054e+01 8.15266371e-03]",[0. 0. 0. 0. 0. 0. 0. 0.],13.281034367123887,10.256535292685879,0.5590676319971747,0.9401732443625902,0.39521868240170366,16.234151099295904,12.27343958515398,9.513207904264084,10.667191693392896,0.5544134788598072,0.02572029214849173,0.6215359066457548,0.11470974428274924,16.790001668019258,12.703144620783286,9.884266067207799,10.995488007200137,0.5586062546170893,0.032759690620881826,0.02923999138468678,0.028816315380467437,0.029027380409938564
0.001,64,"(<class 'keras.src.optimizers.adam.Adam'>, {'beta_1': 0.99, 'beta_2': 0.9995, 'epsilon': 1e-06, 'amsgrad': False, 'learning_rate': 0.001})",<class 'keras.src.optimizers.adam.Adam'>,"{'beta_1': 0.99, 'beta_2': 0.9995, 'epsilon': 1e-06, 'amsgrad': False, 'learning_rate': 0.001}","(<class '__main__.CustomLossWrapper'>, {'loss_function': <function custom_median_loss_scaled at 0x000001BAFB5578B0>, 'lambda_sign': 1.0})",<class '__main__.CustomLossWrapper'>,"{'loss_function': <function custom_median_loss_scaled at 0x000001BAFB5578B0>, 'lambda_sign': 1.0}","[(<class 'keras.src.metrics.regression_metrics.MeanSquaredError'>, {}), (<class 'keras.src.metrics.regression_metrics.MeanAbsoluteError'>, {}), (<class 'keras.src.metrics.regression_metrics.MeanAbsolutePercentageError'>, {}), (<class 'keras.src.metrics.regression_metrics.RootMeanSquaredError'>, {}), (<class 'keras.src.metrics.regression_metrics.CosineSimilarity'>, {}), (<class 'keras.src.metrics.regression_metrics.LogCoshError'>, {}), (<class 'tensorflow_addons.metrics.r_square.RSquare'>, {})]",200,"[{'nodes': 128, 'activation': 'softplus', 'l2_reg': 0.0001, 'l1_reg': 0.001}]",0.99,True,PCA(n_components=0.99),1,True,"{'enabled': True, 'contamination': 0.05, 'remove_outliers': False}",False,True,"{'method': <function cosine_annealing_50 at 0x000001BAC637EB80>, 'description': 'Cosine Annealing with 50 epochs cycle'}",True,0.9,loss,<keras.src.engine.sequential.Sequential object at 0x000001BCC9CDD5B0>,StandardScaler(),IsolationForest(contamination=0.05),"[1.05582190e+01 3.10818024e+02 1.32545691e+01 2.50454269e+02
 1.76300316e+01 1.11071870e-01 1.25848417e+01 1.01289749e-02]",[0. 0. 0. 0. 0. 0. 0. 0.],13.25457233951601,10.183248113126385,0.5555359350167756,0.8041474432178668,0.2898816875684318,16.19633328083565,12.200564376102927,9.370904202634076,10.682174807039353,0.5632439687753876,0.040294094197759256,0.4828438714752586,0.032661146687969385,16.759149915072342,12.63144341797409,9.774438273960783,11.024031157309832,0.5707953705983748,0.04350706103729537,0.041900577617527315,0.041838984457606046,0.04186976971162417
0.001,64,"(<class 'keras.src.optimizers.adam.Adam'>, {'beta_1': 0.99, 'beta_2': 0.9995, 'epsilon': 1e-06, 'amsgrad': False, 'learning_rate': 0.001})",<class 'keras.src.optimizers.adam.Adam'>,"{'beta_1': 0.99, 'beta_2': 0.9995, 'epsilon': 1e-06, 'amsgrad': False, 'learning_rate': 0.001}","(<class '__main__.CustomLossWrapper'>, {'loss_function': <function custom_median_loss_scaled at 0x000001BAFB5578B0>, 'lambda_sign': 1.0})",<class '__main__.CustomLossWrapper'>,"{'loss_function': <function custom_median_loss_scaled at 0x000001BAFB5578B0>, 'lambda_sign': 1.0}","[(<class 'keras.src.metrics.regression_metrics.MeanSquaredError'>, {}), (<class 'keras.src.metrics.regression_metrics.MeanAbsoluteError'>, {}), (<class 'keras.src.metrics.regression_metrics.MeanAbsolutePercentageError'>, {}), (<class 'keras.src.metrics.regression_metrics.RootMeanSquaredError'>, {}), (<class 'keras.src.metrics.regression_metrics.CosineSimilarity'>, {}), (<class 'keras.src.metrics.regression_metrics.LogCoshError'>, {}), (<class 'tensorflow_addons.metrics.r_square.RSquare'>, {})]",200,"[{'nodes': 128, 'activation': 'softplus', 'l2_reg': 0.0001, 'l1_reg': 0.001}]",0.99,True,PCA(n_components=0.99),1,True,"{'enabled': True, 'contamination': 0.05, 'remove_outliers': False}",False,True,"{'method': <function cosine_annealing_50 at 0x000001BAC637EB80>, 'description': 'Cosine Annealing with 50 epochs cycle'}",True,0.9,val_loss,<keras.src.engine.sequential.Sequential object at 0x000001BCCCB4FAF0>,StandardScaler(),IsolationForest(contamination=0.05),"[1.05119915e+01 3.12217041e+02 1.32511053e+01 3.23720642e+02
 1.76696644e+01 1.17075756e-01 1.25822554e+01 5.67352772e-03]",[0. 0. 0. 0. 0. 0. 0. 0.],13.251103491793074,10.208305554945358,0.5585378774501147,2.117487544712601,1.5508913763335008,16.220684325444886,12.276848263208873,9.378866932827552,10.810558942126653,0.5528593126346649,0.03947860414175793,1.896321455524461,1.3210647909585231,16.774278637738316,12.687195656272047,9.724563046178325,11.134996508255718,0.5616843142083231,0.04838767942844783,0.04393314178510288,0.043481480355719165,0.04370672764568374
0.001,64,"(<class 'keras.src.optimizers.adam.Adam'>, {'beta_1': 0.99, 'beta_2': 0.9995, 'epsilon': 1e-06, 'amsgrad': False, 'learning_rate': 0.001})",<class 'keras.src.optimizers.adam.Adam'>,"{'beta_1': 0.99, 'beta_2': 0.9995, 'epsilon': 1e-06, 'amsgrad': False, 'learning_rate': 0.001}","(<class '__main__.CustomLossWrapper'>, {'loss_function': <function custom_median_loss_scaled at 0x000001BAFB5578B0>, 'lambda_sign': 1.0})",<class '__main__.CustomLossWrapper'>,"{'loss_function': <function custom_median_loss_scaled at 0x000001BAFB5578B0>, 'lambda_sign': 1.0}","[(<class 'keras.src.metrics.regression_metrics.MeanSquaredError'>, {}), (<class 'keras.src.metrics.regression_metrics.MeanAbsoluteError'>, {}), (<class 'keras.src.metrics.regression_metrics.MeanAbsolutePercentageError'>, {}), (<class 'keras.src.metrics.regression_metrics.RootMeanSquaredError'>, {}), (<class 'keras.src.metrics.regression_metrics.CosineSimilarity'>, {}), (<class 'keras.src.metrics.regression_metrics.LogCoshError'>, {}), (<class 'tensorflow_addons.metrics.r_square.RSquare'>, {})]",200,"[{'nodes': 128, 'activation': 'softplus', 'l2_reg': 0.0001, 'l1_reg': 0.001}]",0.99,True,PCA(n_components=0.99),1,True,"{'enabled': True, 'contamination': 0.05, 'remove_outliers': False}",False,True,"{'method': <function cosine_annealing_50 at 0x000001BAC637EB80>, 'description': 'Cosine Annealing with 50 epochs cycle'}",True,0.9,val_mean_absolute_error,<keras.src.engine.sequential.Sequential object at 0x000001BCD2047AF0>,StandardScaler(),IsolationForest(contamination=0.05),"[1.04914894e+01 3.10457733e+02 1.32395744e+01 2.84125183e+02
 1.76198101e+01 1.29083529e-01 1.25702610e+01 1.12764835e-02]",[0. 0. 0. 0. 0. 0. 0. 0.],13.239572430500148,10.151570550535336,0.5645417623167932,1.0082125059727323,0.5160239120167116,16.197696764156102,12.196477262441547,9.348450663480792,10.706194316509059,0.5627494613401152,0.042593636874282574,0.601514124747663,0.13804971117132944,16.73002833642619,12.604540656268222,9.665111227542587,11.016428793798175,0.5710416153656734,0.0542054300898914,0.04839953348208699,0.04770307149174589,0.04805004064372
0.001,64,"(<class 'keras.src.optimizers.adam.Adam'>, {'beta_1': 0.99, 'beta_2': 0.9995, 'epsilon': 1e-06, 'amsgrad': False, 'learning_rate': 0.001})",<class 'keras.src.optimizers.adam.Adam'>,"{'beta_1': 0.99, 'beta_2': 0.9995, 'epsilon': 1e-06, 'amsgrad': False, 'learning_rate': 0.001}","(<class '__main__.CustomLossWrapper'>, {'loss_function': <function custom_median_loss_scaled at 0x000001BAFB5578B0>, 'lambda_sign': 1.0})",<class '__main__.CustomLossWrapper'>,"{'loss_function': <function custom_median_loss_scaled at 0x000001BAFB5578B0>, 'lambda_sign': 1.0}","[(<class 'keras.src.metrics.regression_metrics.MeanSquaredError'>, {}), (<class 'keras.src.metrics.regression_metrics.MeanAbsoluteError'>, {}), (<class 'keras.src.metrics.regression_metrics.MeanAbsolutePercentageError'>, {}), (<class 'keras.src.metrics.regression_metrics.RootMeanSquaredError'>, {}), (<class 'keras.src.metrics.regression_metrics.CosineSimilarity'>, {}), (<class 'keras.src.metrics.regression_metrics.LogCoshError'>, {}), (<class 'tensorflow_addons.metrics.r_square.RSquare'>, {})]",200,"[{'nodes': 128, 'activation': 'softplus', 'l2_reg': 0.0001, 'l1_reg': 0.001}]",0.99,True,PCA(n_components=0.99),1,True,"{'enabled': True, 'contamination': 0.05, 'remove_outliers': False}",False,True,"{'method': <function cosine_annealing_50 at 0x000001BAC637EB80>, 'description': 'Cosine Annealing with 50 epochs cycle'}",True,0.9,val_mean_squared_error,<keras.src.engine.sequential.Sequential object at 0x000001BCDEADCAC0>,StandardScaler(),IsolationForest(contamination=0.05),"[1.05490294e+01 3.11038574e+02 1.32714100e+01 1.45490646e+02
 1.76362858e+01 1.08246513e-01 1.26012192e+01 9.42659378e-03]",[0. 0. 0. 0. 0. 0. 0. 0.],13.271407711662409,10.203118025725392,0.5541232562246159,0.5745313944940513,0.054887203534795814,16.22349564395251,12.22700590069736,9.396797945275177,10.678340451056378,0.5632439687753876,0.037642228678847825,0.21759047855131267,-0.3194054914353648,16.801679125271104,12.661533580397533,9.742160737671966,11.045795559479332,0.5679635557744398,0.0466656298145531,0.04215392924670046,0.0416710456252275,0.04191179200322824
0.001,64,"(<class 'keras.src.optimizers.adam.Adam'>, {'beta_1': 0.99, 'beta_2': 0.9995, 'epsilon': 1e-06, 'amsgrad': False, 'learning_rate': 0.001})",<class 'keras.src.optimizers.adam.Adam'>,"{'beta_1': 0.99, 'beta_2': 0.9995, 'epsilon': 1e-06, 'amsgrad': False, 'learning_rate': 0.001}","(<class '__main__.CustomLossWrapper'>, {'loss_function': <function custom_median_loss_scaled at 0x000001BAFB5578B0>, 'lambda_sign': 1.0})",<class '__main__.CustomLossWrapper'>,"{'loss_function': <function custom_median_loss_scaled at 0x000001BAFB5578B0>, 'lambda_sign': 1.0}","[(<class 'keras.src.metrics.regression_metrics.MeanSquaredError'>, {}), (<class 'keras.src.metrics.regression_metrics.MeanAbsoluteError'>, {}), (<class 'keras.src.metrics.regression_metrics.MeanAbsolutePercentageError'>, {}), (<class 'keras.src.metrics.regression_metrics.RootMeanSquaredError'>, {}), (<class 'keras.src.metrics.regression_metrics.CosineSimilarity'>, {}), (<class 'keras.src.metrics.regression_metrics.LogCoshError'>, {}), (<class 'tensorflow_addons.metrics.r_square.RSquare'>, {})]",200,"[{'nodes': 128, 'activation': 'softplus', 'l2_reg': 0.0001, 'l1_reg': 0.001}]",0.99,True,PCA(n_components=0.99),1,True,"{'enabled': True, 'contamination': 0.05, 'remove_outliers': False}",False,True,"{'method': <function cosine_annealing_50 at 0x000001BAC637EB80>, 'description': 'Cosine Annealing with 50 epochs cycle'}",True,0.9,val_root_mean_squared_error,<keras.src.engine.sequential.Sequential object at 0x000001BCDC13BA90>,StandardScaler(),IsolationForest(contamination=0.05),"[1.06375637e+01 3.10957520e+02 1.32851238e+01 1.63911957e+02
 1.76339874e+01 1.12131380e-01 1.26151743e+01 9.68480110e-03]",[0. 0. 0. 0. 0. 0. 0. 0.],13.285123368541282,10.278769472331945,0.5560656895638354,0.23150395717000333,-0.29776844786323053,16.233469778620787,12.253651283578115,9.483843365017725,10.649970112633927,0.5627494613401152,0.02872761365413371,-0.09634794593844777,-0.5905529458006884,16.80355358354989,12.692672265459432,9.935011634956524,11.01112755009013,0.55848313223344,0.027793903751613374,0.02826075870287354,0.02825304647024003,0.02825690232344173
0.001,64,"(<class 'keras.src.optimizers.adam.Adam'>, {'beta_1': 0.85, 'beta_2': 0.95, 'epsilon': 1e-08, 'amsgrad': False, 'learning_rate': 0.001})",<class 'keras.src.optimizers.adam.Adam'>,"{'beta_1': 0.85, 'beta_2': 0.95, 'epsilon': 1e-08, 'amsgrad': False, 'learning_rate': 0.001}","(<class '__main__.CustomLossWrapper'>, {'loss_function': <function custom_median_loss_scaled at 0x000001BAFB5578B0>, 'lambda_sign': 2.0})",<class '__main__.CustomLossWrapper'>,"{'loss_function': <function custom_median_loss_scaled at 0x000001BAFB5578B0>, 'lambda_sign': 2.0}","[(<class 'keras.src.metrics.regression_metrics.MeanSquaredError'>, {}), (<class 'keras.src.metrics.regression_metrics.MeanAbsoluteError'>, {}), (<class 'keras.src.metrics.regression_metrics.MeanAbsolutePercentageError'>, {}), (<class 'keras.src.metrics.regression_metrics.RootMeanSquaredError'>, {}), (<class 'keras.src.metrics.regression_metrics.CosineSimilarity'>, {}), (<class 'keras.src.metrics.regression_metrics.LogCoshError'>, {}), (<class 'tensorflow_addons.metrics.r_square.RSquare'>, {})]",200,"[{'nodes': 128, 'activation': 'softplus', 'l2_reg': 0.0001, 'l1_reg': 0.001}]",0.99,True,PCA(n_components=0.99),1,True,"{'enabled': True, 'contamination': 0.05, 'remove_outliers': False}",False,True,"{'method': <function cosine_annealing_50 at 0x000001BAC637EB80>, 'description': 'Cosine Annealing with 50 epochs cycle'}",True,0.9,loss,<keras.src.engine.sequential.Sequential object at 0x000001BCDCADA2E0>,StandardScaler(),IsolationForest(contamination=0.05),"[1.06272306e+01 3.11123688e+02 1.32540407e+01 2.58422668e+02
 1.76386986e+01 1.12837709e-01 1.25838804e+01 9.15551186e-03]",[0. 0. 0. 0. 0. 0. 0. 0.],13.254042835736282,10.167851392363312,0.5564188592618753,1.1089647799752578,0.5849653098702067,16.22540230363449,12.220596765927738,9.378931444010675,10.730576203072879,0.5603122461234149,0.039471997333909485,0.7106241408837378,0.20532377249188968,16.788497073668168,12.645381989898999,9.802997981307632,11.06495850787612,0.5663629647869983,0.04071230622372458,0.04009215177881703,0.04008255909001199,0.040087355147479645
0.001,64,"(<class 'keras.src.optimizers.adam.Adam'>, {'beta_1': 0.85, 'beta_2': 0.95, 'epsilon': 1e-08, 'amsgrad': False, 'learning_rate': 0.001})",<class 'keras.src.optimizers.adam.Adam'>,"{'beta_1': 0.85, 'beta_2': 0.95, 'epsilon': 1e-08, 'amsgrad': False, 'learning_rate': 0.001}","(<class '__main__.CustomLossWrapper'>, {'loss_function': <function custom_median_loss_scaled at 0x000001BAFB5578B0>, 'lambda_sign': 2.0})",<class '__main__.CustomLossWrapper'>,"{'loss_function': <function custom_median_loss_scaled at 0x000001BAFB5578B0>, 'lambda_sign': 2.0}","[(<class 'keras.src.metrics.regression_metrics.MeanSquaredError'>, {}), (<class 'keras.src.metrics.regression_metrics.MeanAbsoluteError'>, {}), (<class 'keras.src.metrics.regression_metrics.MeanAbsolutePercentageError'>, {}), (<class 'keras.src.metrics.regression_metrics.RootMeanSquaredError'>, {}), (<class 'keras.src.metrics.regression_metrics.CosineSimilarity'>, {}), (<class 'keras.src.metrics.regression_metrics.LogCoshError'>, {}), (<class 'tensorflow_addons.metrics.r_square.RSquare'>, {})]",200,"[{'nodes': 128, 'activation': 'softplus', 'l2_reg': 0.0001, 'l1_reg': 0.001}]",0.99,True,PCA(n_components=0.99),1,True,"{'enabled': True, 'contamination': 0.05, 'remove_outliers': False}",False,True,"{'method': <function cosine_annealing_50 at 0x000001BAC637EB80>, 'description': 'Cosine Annealing with 50 epochs cycle'}",True,0.9,val_loss,<keras.src.engine.sequential.Sequential object at 0x000001BCDE0FCD00>,StandardScaler(),IsolationForest(contamination=0.05),"[1.06193027e+01 3.10823822e+02 1.32517757e+01 1.43210205e+02
 1.76301956e+01 1.22373298e-01 1.25825548e+01 1.01104975e-02]",[0. 0. 0. 0. 0. 0. 0. 0.],13.251773208250228,10.219971905683346,0.5611866501854141,0.989167201942574,0.42536480838801216,16.21144315446606,12.221499989047667,9.389441392872037,10.696683478096908,0.5622196319451803,0.03839563802280979,0.7013070634059813,0.20442323294891707,16.78037346477784,12.647079740736583,9.780150946510913,11.05009068414911,0.5710416153656734,0.04294803853353041,0.0406718382781701,0.04054445068464489,0.040608094529577726
0.001,64,"(<class 'keras.src.optimizers.adam.Adam'>, {'beta_1': 0.85, 'beta_2': 0.95, 'epsilon': 1e-08, 'amsgrad': False, 'learning_rate': 0.001})",<class 'keras.src.optimizers.adam.Adam'>,"{'beta_1': 0.85, 'beta_2': 0.95, 'epsilon': 1e-08, 'amsgrad': False, 'learning_rate': 0.001}","(<class '__main__.CustomLossWrapper'>, {'loss_function': <function custom_median_loss_scaled at 0x000001BAFB5578B0>, 'lambda_sign': 2.0})",<class '__main__.CustomLossWrapper'>,"{'loss_function': <function custom_median_loss_scaled at 0x000001BAFB5578B0>, 'lambda_sign': 2.0}","[(<class 'keras.src.metrics.regression_metrics.MeanSquaredError'>, {}), (<class 'keras.src.metrics.regression_metrics.MeanAbsoluteError'>, {}), (<class 'keras.src.metrics.regression_metrics.MeanAbsolutePercentageError'>, {}), (<class 'keras.src.metrics.regression_metrics.RootMeanSquaredError'>, {}), (<class 'keras.src.metrics.regression_metrics.CosineSimilarity'>, {}), (<class 'keras.src.metrics.regression_metrics.LogCoshError'>, {}), (<class 'tensorflow_addons.metrics.r_square.RSquare'>, {})]",200,"[{'nodes': 128, 'activation': 'softplus', 'l2_reg': 0.0001, 'l1_reg': 0.001}]",0.99,True,PCA(n_components=0.99),1,True,"{'enabled': True, 'contamination': 0.05, 'remove_outliers': False}",False,True,"{'method': <function cosine_annealing_50 at 0x000001BAC637EB80>, 'description': 'Cosine Annealing with 50 epochs cycle'}",True,0.9,val_mean_absolute_error,<keras.src.engine.sequential.Sequential object at 0x000001BCE05C7DC0>,StandardScaler(),IsolationForest(contamination=0.05),"[1.06328707e+01 3.11099518e+02 1.32499199e+01 1.89099747e+02
 1.76380138e+01 1.20254286e-01 1.25795593e+01 9.23258066e-03]",[0. 0. 0. 0. 0. 0. 0. 0.],13.249915993149633,10.185239837163731,0.5601271410912944,1.5741281160107055,1.015312649303322,16.21881301577949,12.2408067048625,9.354517723644811,10.755706437586177,0.5608420755183497,0.041972288779759295,1.0890099018458312,0.5001142736290248,16.788458582783598,12.656611821595206,9.763080638764764,11.08281922627153,0.5643930066486087,0.04461848018628592,0.04329538448302261,0.043254951022022155,0.04327516303022741
0.001,64,"(<class 'keras.src.optimizers.adam.Adam'>, {'beta_1': 0.85, 'beta_2': 0.95, 'epsilon': 1e-08, 'amsgrad': False, 'learning_rate': 0.001})",<class 'keras.src.optimizers.adam.Adam'>,"{'beta_1': 0.85, 'beta_2': 0.95, 'epsilon': 1e-08, 'amsgrad': False, 'learning_rate': 0.001}","(<class '__main__.CustomLossWrapper'>, {'loss_function': <function custom_median_loss_scaled at 0x000001BAFB5578B0>, 'lambda_sign': 2.0})",<class '__main__.CustomLossWrapper'>,"{'loss_function': <function custom_median_loss_scaled at 0x000001BAFB5578B0>, 'lambda_sign': 2.0}","[(<class 'keras.src.metrics.regression_metrics.MeanSquaredError'>, {}), (<class 'keras.src.metrics.regression_metrics.MeanAbsoluteError'>, {}), (<class 'keras.src.metrics.regression_metrics.MeanAbsolutePercentageError'>, {}), (<class 'keras.src.metrics.regression_metrics.RootMeanSquaredError'>, {}), (<class 'keras.src.metrics.regression_metrics.CosineSimilarity'>, {}), (<class 'keras.src.metrics.regression_metrics.LogCoshError'>, {}), (<class 'tensorflow_addons.metrics.r_square.RSquare'>, {})]",200,"[{'nodes': 128, 'activation': 'softplus', 'l2_reg': 0.0001, 'l1_reg': 0.001}]",0.99,True,PCA(n_components=0.99),1,True,"{'enabled': True, 'contamination': 0.05, 'remove_outliers': False}",False,True,"{'method': <function cosine_annealing_50 at 0x000001BAC637EB80>, 'description': 'Cosine Annealing with 50 epochs cycle'}",True,0.9,val_mean_squared_error,<keras.src.engine.sequential.Sequential object at 0x000001BCCB0DE5E0>,StandardScaler(),IsolationForest(contamination=0.05),"[1.07102261e+01 3.11602875e+02 1.32939653e+01 1.34762131e+02
 1.76522770e+01 9.94172692e-02 1.26232691e+01 7.62945414e-03]",[0. 0. 0. 0. 0. 0. 0. 0.],13.29396850319551,10.261437907310409,0.549708634999117,0.7024688066385781,0.17555399807835226,16.233048706006716,12.252646654001692,9.460066149656939,10.671115084152545,0.5602769241637526,0.03116271847559415,0.313211692336544,-0.2496086103939309,16.829541219967442,12.68581887517697,9.881318172436742,11.062628722860838,0.5618074365919724,0.03304816147253494,0.032105439974064544,0.03207775856479571,0.03209159628476875
0.001,64,"(<class 'keras.src.optimizers.adam.Adam'>, {'beta_1': 0.85, 'beta_2': 0.95, 'epsilon': 1e-08, 'amsgrad': False, 'learning_rate': 0.001})",<class 'keras.src.optimizers.adam.Adam'>,"{'beta_1': 0.85, 'beta_2': 0.95, 'epsilon': 1e-08, 'amsgrad': False, 'learning_rate': 0.001}","(<class '__main__.CustomLossWrapper'>, {'loss_function': <function custom_median_loss_scaled at 0x000001BAFB5578B0>, 'lambda_sign': 2.0})",<class '__main__.CustomLossWrapper'>,"{'loss_function': <function custom_median_loss_scaled at 0x000001BAFB5578B0>, 'lambda_sign': 2.0}","[(<class 'keras.src.metrics.regression_metrics.MeanSquaredError'>, {}), (<class 'keras.src.metrics.regression_metrics.MeanAbsoluteError'>, {}), (<class 'keras.src.metrics.regression_metrics.MeanAbsolutePercentageError'>, {}), (<class 'keras.src.metrics.regression_metrics.RootMeanSquaredError'>, {}), (<class 'keras.src.metrics.regression_metrics.CosineSimilarity'>, {}), (<class 'keras.src.metrics.regression_metrics.LogCoshError'>, {}), (<class 'tensorflow_addons.metrics.r_square.RSquare'>, {})]",200,"[{'nodes': 128, 'activation': 'softplus', 'l2_reg': 0.0001, 'l1_reg': 0.001}]",0.99,True,PCA(n_components=0.99),1,True,"{'enabled': True, 'contamination': 0.05, 'remove_outliers': False}",False,True,"{'method': <function cosine_annealing_50 at 0x000001BAC637EB80>, 'description': 'Cosine Annealing with 50 epochs cycle'}",True,0.9,val_root_mean_squared_error,<keras.src.engine.sequential.Sequential object at 0x000001BCAE0C0B80>,StandardScaler(),IsolationForest(contamination=0.05),"[1.06192789e+01 3.10627472e+02 1.32633362e+01 2.51687805e+02
 1.76246262e+01 1.19901113e-01 1.25937662e+01 1.07358694e-02]",[0. 0. 0. 0. 0. 0. 0. 0.],13.263333298237232,10.158772883130954,0.5599505562422744,0.6116786958315363,0.09761425057214757,16.206325428610892,12.208081747877213,9.368291746775876,10.675983491196082,0.565575218113101,0.04056164461355132,0.16902864789407976,-0.31817711945492544,16.764823382861827,12.644332366201422,9.833463547628575,11.008589789280668,0.5682098005417385,0.03773105060056392,0.039146347607057624,0.03909517896070786,0.03912075491802268
0.001,64,"(<class 'keras.src.optimizers.adam.Adam'>, {'beta_1': 0.85, 'beta_2': 0.95, 'epsilon': 1e-08, 'amsgrad': False, 'learning_rate': 0.001})",<class 'keras.src.optimizers.adam.Adam'>,"{'beta_1': 0.85, 'beta_2': 0.95, 'epsilon': 1e-08, 'amsgrad': False, 'learning_rate': 0.001}","(<class '__main__.CustomLossWrapper'>, {'loss_function': <function custom_median_loss_scaled at 0x000001BAFB5578B0>, 'lambda_sign': 1.0})",<class '__main__.CustomLossWrapper'>,"{'loss_function': <function custom_median_loss_scaled at 0x000001BAFB5578B0>, 'lambda_sign': 1.0}","[(<class 'keras.src.metrics.regression_metrics.MeanSquaredError'>, {}), (<class 'keras.src.metrics.regression_metrics.MeanAbsoluteError'>, {}), (<class 'keras.src.metrics.regression_metrics.MeanAbsolutePercentageError'>, {}), (<class 'keras.src.metrics.regression_metrics.RootMeanSquaredError'>, {}), (<class 'keras.src.metrics.regression_metrics.CosineSimilarity'>, {}), (<class 'keras.src.metrics.regression_metrics.LogCoshError'>, {}), (<class 'tensorflow_addons.metrics.r_square.RSquare'>, {})]",200,"[{'nodes': 128, 'activation': 'softplus', 'l2_reg': 0.0001, 'l1_reg': 0.001}]",0.99,True,PCA(n_components=0.99),1,True,"{'enabled': True, 'contamination': 0.05, 'remove_outliers': False}",False,True,"{'method': <function cosine_annealing_50 at 0x000001BAC637EB80>, 'description': 'Cosine Annealing with 50 epochs cycle'}",True,0.9,loss,<keras.src.engine.sequential.Sequential object at 0x000001BC6E3D5490>,StandardScaler(),IsolationForest(contamination=0.05),"[1.05352154e+01 3.11239380e+02 1.32654467e+01 2.23157639e+02
 1.76419773e+01 1.10718697e-01 1.25958290e+01 8.78709555e-03]",[0. 0. 0. 0. 0. 0. 0. 0.],13.265446263679664,10.153983534396541,0.5553593501677556,0.8727557119286332,0.3826914696914738,16.243681994207964,12.225821420604088,9.327162350230658,10.730468068731783,0.5623962417434919,0.044773844835962355,0.40870748336658824,-0.11712566284882525,16.813652955664313,12.659522774066875,9.83186530309488,11.071708845815868,0.5658704752524009,0.03788744931815451,0.041330647077058434,0.04104379914107483,0.041186973389670645
0.001,64,"(<class 'keras.src.optimizers.adam.Adam'>, {'beta_1': 0.85, 'beta_2': 0.95, 'epsilon': 1e-08, 'amsgrad': False, 'learning_rate': 0.001})",<class 'keras.src.optimizers.adam.Adam'>,"{'beta_1': 0.85, 'beta_2': 0.95, 'epsilon': 1e-08, 'amsgrad': False, 'learning_rate': 0.001}","(<class '__main__.CustomLossWrapper'>, {'loss_function': <function custom_median_loss_scaled at 0x000001BAFB5578B0>, 'lambda_sign': 1.0})",<class '__main__.CustomLossWrapper'>,"{'loss_function': <function custom_median_loss_scaled at 0x000001BAFB5578B0>, 'lambda_sign': 1.0}","[(<class 'keras.src.metrics.regression_metrics.MeanSquaredError'>, {}), (<class 'keras.src.metrics.regression_metrics.MeanAbsoluteError'>, {}), (<class 'keras.src.metrics.regression_metrics.MeanAbsolutePercentageError'>, {}), (<class 'keras.src.metrics.regression_metrics.RootMeanSquaredError'>, {}), (<class 'keras.src.metrics.regression_metrics.CosineSimilarity'>, {}), (<class 'keras.src.metrics.regression_metrics.LogCoshError'>, {}), (<class 'tensorflow_addons.metrics.r_square.RSquare'>, {})]",200,"[{'nodes': 128, 'activation': 'softplus', 'l2_reg': 0.0001, 'l1_reg': 0.001}]",0.99,True,PCA(n_components=0.99),1,True,"{'enabled': True, 'contamination': 0.05, 'remove_outliers': False}",False,True,"{'method': <function cosine_annealing_50 at 0x000001BAC637EB80>, 'description': 'Cosine Annealing with 50 epochs cycle'}",True,0.9,val_loss,<keras.src.engine.sequential.Sequential object at 0x000001BC661FC190>,StandardScaler(),IsolationForest(contamination=0.05),"[1.05136471e+01 3.11385559e+02 1.32553587e+01 2.91794220e+02
 1.76461201e+01 1.16722584e-01 1.25852680e+01 8.32152367e-03]",[0. 0. 0. 0. 0. 0. 0. 0.],13.255356105512938,10.166779502201113,0.5583612926010948,1.1781145512891358,0.6663872439513141,16.227648868783124,12.227882086025145,9.365480540714515,10.733042851721732,0.5600649924057787,0.04084954970799856,0.8431273953138073,0.37242260922450976,16.805442874690215,12.654741448003675,9.737787982465559,11.089258806858506,0.5666092095542969,0.04709353261177917,0.04397154115988887,0.04374987891270415,0.04386057000712741
0.001,64,"(<class 'keras.src.optimizers.adam.Adam'>, {'beta_1': 0.85, 'beta_2': 0.95, 'epsilon': 1e-08, 'amsgrad': False, 'learning_rate': 0.001})",<class 'keras.src.optimizers.adam.Adam'>,"{'beta_1': 0.85, 'beta_2': 0.95, 'epsilon': 1e-08, 'amsgrad': False, 'learning_rate': 0.001}","(<class '__main__.CustomLossWrapper'>, {'loss_function': <function custom_median_loss_scaled at 0x000001BAFB5578B0>, 'lambda_sign': 1.0})",<class '__main__.CustomLossWrapper'>,"{'loss_function': <function custom_median_loss_scaled at 0x000001BAFB5578B0>, 'lambda_sign': 1.0}","[(<class 'keras.src.metrics.regression_metrics.MeanSquaredError'>, {}), (<class 'keras.src.metrics.regression_metrics.MeanAbsoluteError'>, {}), (<class 'keras.src.metrics.regression_metrics.MeanAbsolutePercentageError'>, {}), (<class 'keras.src.metrics.regression_metrics.RootMeanSquaredError'>, {}), (<class 'keras.src.metrics.regression_metrics.CosineSimilarity'>, {}), (<class 'keras.src.metrics.regression_metrics.LogCoshError'>, {}), (<class 'tensorflow_addons.metrics.r_square.RSquare'>, {})]",200,"[{'nodes': 128, 'activation': 'softplus', 'l2_reg': 0.0001, 'l1_reg': 0.001}]",0.99,True,PCA(n_components=0.99),1,True,"{'enabled': True, 'contamination': 0.05, 'remove_outliers': False}",False,True,"{'method': <function cosine_annealing_50 at 0x000001BAC637EB80>, 'description': 'Cosine Annealing with 50 epochs cycle'}",True,0.9,val_mean_absolute_error,<keras.src.engine.sequential.Sequential object at 0x000001BC7C9626D0>,StandardScaler(),IsolationForest(contamination=0.05),"[1.05060921e+01 3.11654297e+02 1.32670736e+01 2.96091705e+02
 1.76537323e+01 1.18135266e-01 1.25969877e+01 7.46572018e-03]",[0. 0. 0. 0. 0. 0. 0. 0.],13.267072312374049,10.213386794069642,0.5590676319971747,0.9075732494331475,0.4010134820588762,16.24628251883634,12.221843885639041,9.354294148883456,10.74181873173088,0.5638444420896471,0.04199518582514798,0.49115947895451206,0.04451534773492449,16.83703379882926,12.666424149355349,9.709804578804265,11.102653636509814,0.5674710662398424,0.04983189232718861,0.0459135390761683,0.04557913897308954,0.045746033470663354
0.001,64,"(<class 'keras.src.optimizers.adam.Adam'>, {'beta_1': 0.85, 'beta_2': 0.95, 'epsilon': 1e-08, 'amsgrad': False, 'learning_rate': 0.001})",<class 'keras.src.optimizers.adam.Adam'>,"{'beta_1': 0.85, 'beta_2': 0.95, 'epsilon': 1e-08, 'amsgrad': False, 'learning_rate': 0.001}","(<class '__main__.CustomLossWrapper'>, {'loss_function': <function custom_median_loss_scaled at 0x000001BAFB5578B0>, 'lambda_sign': 1.0})",<class '__main__.CustomLossWrapper'>,"{'loss_function': <function custom_median_loss_scaled at 0x000001BAFB5578B0>, 'lambda_sign': 1.0}","[(<class 'keras.src.metrics.regression_metrics.MeanSquaredError'>, {}), (<class 'keras.src.metrics.regression_metrics.MeanAbsoluteError'>, {}), (<class 'keras.src.metrics.regression_metrics.MeanAbsolutePercentageError'>, {}), (<class 'keras.src.metrics.regression_metrics.RootMeanSquaredError'>, {}), (<class 'keras.src.metrics.regression_metrics.CosineSimilarity'>, {}), (<class 'keras.src.metrics.regression_metrics.LogCoshError'>, {}), (<class 'tensorflow_addons.metrics.r_square.RSquare'>, {})]",200,"[{'nodes': 128, 'activation': 'softplus', 'l2_reg': 0.0001, 'l1_reg': 0.001}]",0.99,True,PCA(n_components=0.99),1,True,"{'enabled': True, 'contamination': 0.05, 'remove_outliers': False}",False,True,"{'method': <function cosine_annealing_50 at 0x000001BAC637EB80>, 'description': 'Cosine Annealing with 50 epochs cycle'}",True,0.9,val_mean_squared_error,<keras.src.engine.sequential.Sequential object at 0x000001BCCA6B9460>,StandardScaler(),IsolationForest(contamination=0.05),"[1.05026712e+01 3.10488464e+02 1.32553186e+01 1.90155502e+02
 1.76206837e+01 1.27670839e-01 1.25860882e+01 1.11785531e-02]",[0. 0. 0. 0. 0. 0. 0. 0.],13.255324827138011,10.185204143620169,0.5638354229207134,0.6009457391818906,0.07897920528514879,16.2059096784175,12.213044867765625,9.39249799946062,10.669063845787981,0.5659284377097241,0.038082600632676995,0.23786756233586154,-0.3097708344499885,16.79476822510063,12.657528084786621,9.825606996849025,11.040293575108542,0.5652548633341542,0.03849986566027544,0.038291233146476214,0.03829009639735018,0.03829066476769481
0.001,64,"(<class 'keras.src.optimizers.adam.Adam'>, {'beta_1': 0.85, 'beta_2': 0.95, 'epsilon': 1e-08, 'amsgrad': False, 'learning_rate': 0.001})",<class 'keras.src.optimizers.adam.Adam'>,"{'beta_1': 0.85, 'beta_2': 0.95, 'epsilon': 1e-08, 'amsgrad': False, 'learning_rate': 0.001}","(<class '__main__.CustomLossWrapper'>, {'loss_function': <function custom_median_loss_scaled at 0x000001BAFB5578B0>, 'lambda_sign': 1.0})",<class '__main__.CustomLossWrapper'>,"{'loss_function': <function custom_median_loss_scaled at 0x000001BAFB5578B0>, 'lambda_sign': 1.0}","[(<class 'keras.src.metrics.regression_metrics.MeanSquaredError'>, {}), (<class 'keras.src.metrics.regression_metrics.MeanAbsoluteError'>, {}), (<class 'keras.src.metrics.regression_metrics.MeanAbsolutePercentageError'>, {}), (<class 'keras.src.metrics.regression_metrics.RootMeanSquaredError'>, {}), (<class 'keras.src.metrics.regression_metrics.CosineSimilarity'>, {}), (<class 'keras.src.metrics.regression_metrics.LogCoshError'>, {}), (<class 'tensorflow_addons.metrics.r_square.RSquare'>, {})]",200,"[{'nodes': 128, 'activation': 'softplus', 'l2_reg': 0.0001, 'l1_reg': 0.001}]",0.99,True,PCA(n_components=0.99),1,True,"{'enabled': True, 'contamination': 0.05, 'remove_outliers': False}",False,True,"{'method': <function cosine_annealing_50 at 0x000001BAC637EB80>, 'description': 'Cosine Annealing with 50 epochs cycle'}",True,0.9,val_root_mean_squared_error,<keras.src.engine.sequential.Sequential object at 0x000001BCBE4E5460>,StandardScaler(),IsolationForest(contamination=0.05),"[1.05369921e+01 3.11153625e+02 1.32527981e+01 2.45722580e+02
 1.76395473e+01 1.21666960e-01 1.25833549e+01 9.06020403e-03]",[0. 0. 0. 0. 0. 0. 0. 0.],13.25279467533852,10.19427075637724,0.5608334804873741,1.018950237159779,0.5252839867483537,16.222788698807875,12.217298540823574,9.351033130873702,10.721451084853191,0.562290275864505,0.04232915767836665,0.5429836518534156,-0.002962980529997883,16.82188572782983,12.65338567436225,9.785910722209827,11.09697358022333,0.5650086185668555,0.04238440667749864,0.04235678217793264,0.04235676416162128,0.042356773169776
0.001,64,"(<class 'keras.src.optimizers.adam.Adam'>, {'beta_1': 0.99, 'beta_2': 0.9995, 'epsilon': 1e-06, 'amsgrad': False, 'learning_rate': 0.001})",<class 'keras.src.optimizers.adam.Adam'>,"{'beta_1': 0.99, 'beta_2': 0.9995, 'epsilon': 1e-06, 'amsgrad': False, 'learning_rate': 0.001}","(<class '__main__.CustomLossWrapper'>, {'loss_function': <function custom_median_loss_scaled at 0x000001BAFB5578B0>, 'lambda_sign': 2.0})",<class '__main__.CustomLossWrapper'>,"{'loss_function': <function custom_median_loss_scaled at 0x000001BAFB5578B0>, 'lambda_sign': 2.0}","[(<class 'keras.src.metrics.regression_metrics.MeanSquaredError'>, {}), (<class 'keras.src.metrics.regression_metrics.MeanAbsoluteError'>, {}), (<class 'keras.src.metrics.regression_metrics.MeanAbsolutePercentageError'>, {}), (<class 'keras.src.metrics.regression_metrics.RootMeanSquaredError'>, {}), (<class 'keras.src.metrics.regression_metrics.CosineSimilarity'>, {}), (<class 'keras.src.metrics.regression_metrics.LogCoshError'>, {}), (<class 'tensorflow_addons.metrics.r_square.RSquare'>, {})]",200,"[{'nodes': 128, 'activation': 'softplus', 'l2_reg': 0.0001, 'l1_reg': 0.001}]",0.99,True,PCA(n_components=0.99),1,True,"{'enabled': False, 'contamination': 0.05, 'remove_outliers': True}",False,True,"{'method': <function cosine_annealing_50 at 0x000001BAC637EB80>, 'description': 'Cosine Annealing with 50 epochs cycle'}",True,0.9,val_mean_absolute_error,<keras.src.engine.sequential.Sequential object at 0x000001BC8E86E070>,StandardScaler(),,"[1.06292648e+01 3.10760651e+02 1.32515440e+01 1.85594406e+02
 1.76284046e+01 1.19901113e-01 1.25821323e+01 1.03117228e-02]",[0. 0. 0. 0. 0. 0. 0. 0.],13.251540787791273,10.160757944577977,0.5599505562422744,1.3940465614322286,0.87115743501984,16.217339034634062,12.24006749232038,9.37272671565875,10.729444324500252,0.5601003143654409,0.04010744449188674,1.0257024506619061,0.48419175626940947,16.769152083760293,12.648941745594248,9.760619697237646,11.056275499004766,0.5658704752524009,0.04485929946693551,0.04248337197941113,0.04235049572305582,0.04241688181980189
0.001,64,"(<class 'keras.src.optimizers.adam.Adam'>, {'beta_1': 0.99, 'beta_2': 0.9995, 'epsilon': 1e-06, 'amsgrad': False, 'learning_rate': 0.001})",<class 'keras.src.optimizers.adam.Adam'>,"{'beta_1': 0.99, 'beta_2': 0.9995, 'epsilon': 1e-06, 'amsgrad': False, 'learning_rate': 0.001}","(<class '__main__.CustomLossWrapper'>, {'loss_function': <function custom_median_loss_scaled at 0x000001BAFB5578B0>, 'lambda_sign': 2.0})",<class '__main__.CustomLossWrapper'>,"{'loss_function': <function custom_median_loss_scaled at 0x000001BAFB5578B0>, 'lambda_sign': 2.0}","[(<class 'keras.src.metrics.regression_metrics.MeanSquaredError'>, {}), (<class 'keras.src.metrics.regression_metrics.MeanAbsoluteError'>, {}), (<class 'keras.src.metrics.regression_metrics.MeanAbsolutePercentageError'>, {}), (<class 'keras.src.metrics.regression_metrics.RootMeanSquaredError'>, {}), (<class 'keras.src.metrics.regression_metrics.CosineSimilarity'>, {}), (<class 'keras.src.metrics.regression_metrics.LogCoshError'>, {}), (<class 'tensorflow_addons.metrics.r_square.RSquare'>, {})]",200,"[{'nodes': 128, 'activation': 'softplus', 'l2_reg': 0.0001, 'l1_reg': 0.001}]",0.99,True,PCA(n_components=0.99),1,True,"{'enabled': True, 'contamination': 0.05, 'remove_outliers': True}",False,True,"{'method': <function cosine_annealing_50 at 0x000001BAC637EB80>, 'description': 'Cosine Annealing with 50 epochs cycle'}",True,0.9,val_mean_absolute_error,<keras.src.engine.sequential.Sequential object at 0x000001BC611400D0>,StandardScaler(),IsolationForest(contamination=0.05),"[1.05933228e+01 3.11521820e+02 1.32596464e+01 3.09758789e+02
 1.76499805e+01 1.19194776e-01 1.25911026e+01 7.88760185e-03]",[0. 0. 0. 0. 0. 0. 0. 0.],13.259643232837394,10.15064279059414,0.5595973865442345,1.1152920786478941,0.6141428593086329,16.2175826270127,12.244923080760184,9.492475689324165,10.69160741294768,0.5605948218007135,0.027843548206600708,0.7232385724332048,0.18319603408615748,16.768059279780253,12.652685871868776,9.851227415347662,11.026367377092367,0.5652548633341542,0.035992739552323134,0.03191814387946192,0.031397990515908025,0.03165699889144158
0.001,64,"(<class 'keras.src.optimizers.adam.Adam'>, {'beta_1': 0.99, 'beta_2': 0.9995, 'epsilon': 1e-06, 'amsgrad': False, 'learning_rate': 0.001})",<class 'keras.src.optimizers.adam.Adam'>,"{'beta_1': 0.99, 'beta_2': 0.9995, 'epsilon': 1e-06, 'amsgrad': False, 'learning_rate': 0.001}","(<class '__main__.CustomLossWrapper'>, {'loss_function': <function custom_median_loss_scaled at 0x000001BAFB5578B0>, 'lambda_sign': 2.0})",<class '__main__.CustomLossWrapper'>,"{'loss_function': <function custom_median_loss_scaled at 0x000001BAFB5578B0>, 'lambda_sign': 2.0}","[(<class 'keras.src.metrics.regression_metrics.MeanSquaredError'>, {}), (<class 'keras.src.metrics.regression_metrics.MeanAbsoluteError'>, {}), (<class 'keras.src.metrics.regression_metrics.MeanAbsolutePercentageError'>, {}), (<class 'keras.src.metrics.regression_metrics.RootMeanSquaredError'>, {}), (<class 'keras.src.metrics.regression_metrics.CosineSimilarity'>, {}), (<class 'keras.src.metrics.regression_metrics.LogCoshError'>, {}), (<class 'tensorflow_addons.metrics.r_square.RSquare'>, {})]",200,"[{'nodes': 128, 'activation': 'softplus', 'l2_reg': 0.0001, 'l1_reg': 0.001}]",0.99,True,PCA(n_components=0.99),1,True,"{'enabled': True, 'contamination': 0.05, 'remove_outliers': False}",False,True,"{'method': <function cosine_annealing_50 at 0x000001BAC637EB80>, 'description': 'Cosine Annealing with 50 epochs cycle'}",True,0.9,val_mean_absolute_error,<keras.src.engine.sequential.Sequential object at 0x000001BC6AF947F0>,StandardScaler(),IsolationForest(contamination=0.05),"[1.06114388e+01 3.10989258e+02 1.32481537e+01 2.03552185e+02
 1.76348877e+01 1.22373298e-01 1.25780935e+01 9.58365202e-03]",[0. 0. 0. 0. 0. 0. 0. 0.],13.248151612835713,10.162326018403949,0.5611866501854141,0.8844273452833625,0.356575550769584,16.21395378123107,12.197420945831478,9.319258314505067,10.718778081751507,0.56327929073505,0.04558332379354146,0.5300089456077627,-0.03588656605945989,16.776873364129816,12.619454322978596,9.744633759892046,11.06680562800269,0.5732578182713617,0.046423628358806424,0.046003476076173944,0.04599963880221862,0.04600155739918494
0.001,64,"(<class 'keras.src.optimizers.adam.Adam'>, {'beta_1': 0.99, 'beta_2': 0.9995, 'epsilon': 1e-06, 'amsgrad': False, 'learning_rate': 0.001})",<class 'keras.src.optimizers.adam.Adam'>,"{'beta_1': 0.99, 'beta_2': 0.9995, 'epsilon': 1e-06, 'amsgrad': False, 'learning_rate': 0.001}","(<class '__main__.CustomLossWrapper'>, {'loss_function': <function custom_median_loss_scaled at 0x000001BAFB5578B0>, 'lambda_sign': 2.0})",<class '__main__.CustomLossWrapper'>,"{'loss_function': <function custom_median_loss_scaled at 0x000001BAFB5578B0>, 'lambda_sign': 2.0}","[(<class 'keras.src.metrics.regression_metrics.MeanSquaredError'>, {}), (<class 'keras.src.metrics.regression_metrics.MeanAbsoluteError'>, {}), (<class 'keras.src.metrics.regression_metrics.MeanAbsolutePercentageError'>, {}), (<class 'keras.src.metrics.regression_metrics.RootMeanSquaredError'>, {}), (<class 'keras.src.metrics.regression_metrics.CosineSimilarity'>, {}), (<class 'keras.src.metrics.regression_metrics.LogCoshError'>, {}), (<class 'tensorflow_addons.metrics.r_square.RSquare'>, {})]",200,"[{'nodes': 128, 'activation': 'softplus', 'l2_reg': 0.0001, 'l1_reg': 0.001}]",0.99,True,PCA(n_components=0.99),1,True,"{'enabled': True, 'contamination': 0.02, 'remove_outliers': True}",False,True,"{'method': <function cosine_annealing_50 at 0x000001BAC637EB80>, 'description': 'Cosine Annealing with 50 epochs cycle'}",True,0.9,val_mean_absolute_error,<keras.src.engine.sequential.Sequential object at 0x000001BC81CFAF40>,StandardScaler(),IsolationForest(contamination=0.02),"[1.06497173e+01 3.11866394e+02 1.32604971e+01 2.68025848e+02
 1.76597385e+01 1.07540175e-01 1.25902376e+01 6.79028034e-03]",[0. 0. 0. 0. 0. 0. 0. 0.],13.260501426560412,10.201082901831105,0.553770086526576,1.3982535734211023,0.863944485558926,16.22372689974296,12.227787560630183,9.360375916313053,10.753623878619534,0.5591466214545583,0.04137233150995186,1.0610950834200863,0.5149026158530035,16.814080745412305,12.66477671500825,9.838376574541789,11.109592821159065,0.5691947796109332,0.037250278670790615,0.039311305090371236,0.03920324889909384,0.03925723981644708
0.001,64,"(<class 'keras.src.optimizers.adam.Adam'>, {'beta_1': 0.99, 'beta_2': 0.9995, 'epsilon': 1e-06, 'amsgrad': False, 'learning_rate': 0.001})",<class 'keras.src.optimizers.adam.Adam'>,"{'beta_1': 0.99, 'beta_2': 0.9995, 'epsilon': 1e-06, 'amsgrad': False, 'learning_rate': 0.001}","(<class '__main__.CustomLossWrapper'>, {'loss_function': <function custom_median_loss_scaled at 0x000001BAFB5578B0>, 'lambda_sign': 1.0})",<class '__main__.CustomLossWrapper'>,"{'loss_function': <function custom_median_loss_scaled at 0x000001BAFB5578B0>, 'lambda_sign': 1.0}","[(<class 'keras.src.metrics.regression_metrics.MeanSquaredError'>, {}), (<class 'keras.src.metrics.regression_metrics.MeanAbsoluteError'>, {}), (<class 'keras.src.metrics.regression_metrics.MeanAbsolutePercentageError'>, {}), (<class 'keras.src.metrics.regression_metrics.RootMeanSquaredError'>, {}), (<class 'keras.src.metrics.regression_metrics.CosineSimilarity'>, {}), (<class 'keras.src.metrics.regression_metrics.LogCoshError'>, {}), (<class 'tensorflow_addons.metrics.r_square.RSquare'>, {})]",200,"[{'nodes': 128, 'activation': 'softplus', 'l2_reg': 0.0001, 'l1_reg': 0.001}]",0.99,True,PCA(n_components=0.99),1,True,"{'enabled': False, 'contamination': 0.05, 'remove_outliers': True}",False,True,"{'method': <function cosine_annealing_50 at 0x000001BAC637EB80>, 'description': 'Cosine Annealing with 50 epochs cycle'}",True,0.9,val_mean_absolute_error,<keras.src.engine.sequential.Sequential object at 0x000001BCA0207AF0>,StandardScaler(),,"[1.05439749e+01 3.10818573e+02 1.32528610e+01 1.62950882e+02
 1.76300468e+01 1.16369419e-01 1.25823574e+01 1.01273060e-02]",[0. 0. 0. 0. 0. 0. 0. 0.],13.252861214702655,10.184572651927553,0.5581847077520748,1.0094921213270425,0.4797767012189107,16.20039409634532,12.206081263633724,9.36205353541226,10.699448427541528,0.5628554272191021,0.041200520879688174,0.6551872632759356,0.14900804893597203,16.762171394718894,12.630866202415232,9.755001051770007,11.038174071743192,0.5738734301896085,0.04540912080353836,0.043304820841613266,0.04320256713766761,0.04325366377307782
0.001,64,"(<class 'keras.src.optimizers.adam.Adam'>, {'beta_1': 0.99, 'beta_2': 0.9995, 'epsilon': 1e-06, 'amsgrad': False, 'learning_rate': 0.001})",<class 'keras.src.optimizers.adam.Adam'>,"{'beta_1': 0.99, 'beta_2': 0.9995, 'epsilon': 1e-06, 'amsgrad': False, 'learning_rate': 0.001}","(<class '__main__.CustomLossWrapper'>, {'loss_function': <function custom_median_loss_scaled at 0x000001BAFB5578B0>, 'lambda_sign': 1.0})",<class '__main__.CustomLossWrapper'>,"{'loss_function': <function custom_median_loss_scaled at 0x000001BAFB5578B0>, 'lambda_sign': 1.0}","[(<class 'keras.src.metrics.regression_metrics.MeanSquaredError'>, {}), (<class 'keras.src.metrics.regression_metrics.MeanAbsoluteError'>, {}), (<class 'keras.src.metrics.regression_metrics.MeanAbsolutePercentageError'>, {}), (<class 'keras.src.metrics.regression_metrics.RootMeanSquaredError'>, {}), (<class 'keras.src.metrics.regression_metrics.CosineSimilarity'>, {}), (<class 'keras.src.metrics.regression_metrics.LogCoshError'>, {}), (<class 'tensorflow_addons.metrics.r_square.RSquare'>, {})]",200,"[{'nodes': 128, 'activation': 'softplus', 'l2_reg': 0.0001, 'l1_reg': 0.001}]",0.99,True,PCA(n_components=0.99),1,True,"{'enabled': True, 'contamination': 0.05, 'remove_outliers': True}",False,True,"{'method': <function cosine_annealing_50 at 0x000001BAC637EB80>, 'description': 'Cosine Annealing with 50 epochs cycle'}",True,0.9,val_mean_absolute_error,<keras.src.engine.sequential.Sequential object at 0x000001BCAD6F13D0>,StandardScaler(),IsolationForest(contamination=0.05),"[1.05367422e+01 3.11130371e+02 1.32571077e+01 2.11899902e+02
 1.76388874e+01 1.16016246e-01 1.25866165e+01 9.13423300e-03]",[0. 0. 0. 0. 0. 0. 0. 0.],13.2571079273836,10.156729058496666,0.5580081229030549,1.1502808320924824,0.6199230059229025,16.22225895738302,12.210718925125787,9.298831735792756,10.74141308179122,0.5626788174207905,0.04767527861472386,0.6799625283173006,0.19281284741371402,16.787510520106533,12.633846500978642,9.720030090010948,11.074709185313047,0.5695641467618813,0.048831258941172816,0.04825326877794833,0.04824634546192758,0.04824980699576051
0.001,64,"(<class 'keras.src.optimizers.adam.Adam'>, {'beta_1': 0.99, 'beta_2': 0.9995, 'epsilon': 1e-06, 'amsgrad': False, 'learning_rate': 0.001})",<class 'keras.src.optimizers.adam.Adam'>,"{'beta_1': 0.99, 'beta_2': 0.9995, 'epsilon': 1e-06, 'amsgrad': False, 'learning_rate': 0.001}","(<class '__main__.CustomLossWrapper'>, {'loss_function': <function custom_median_loss_scaled at 0x000001BAFB5578B0>, 'lambda_sign': 1.0})",<class '__main__.CustomLossWrapper'>,"{'loss_function': <function custom_median_loss_scaled at 0x000001BAFB5578B0>, 'lambda_sign': 1.0}","[(<class 'keras.src.metrics.regression_metrics.MeanSquaredError'>, {}), (<class 'keras.src.metrics.regression_metrics.MeanAbsoluteError'>, {}), (<class 'keras.src.metrics.regression_metrics.MeanAbsolutePercentageError'>, {}), (<class 'keras.src.metrics.regression_metrics.RootMeanSquaredError'>, {}), (<class 'keras.src.metrics.regression_metrics.CosineSimilarity'>, {}), (<class 'keras.src.metrics.regression_metrics.LogCoshError'>, {}), (<class 'tensorflow_addons.metrics.r_square.RSquare'>, {})]",200,"[{'nodes': 128, 'activation': 'softplus', 'l2_reg': 0.0001, 'l1_reg': 0.001}]",0.99,True,PCA(n_components=0.99),1,True,"{'enabled': True, 'contamination': 0.05, 'remove_outliers': False}",False,True,"{'method': <function cosine_annealing_50 at 0x000001BAC637EB80>, 'description': 'Cosine Annealing with 50 epochs cycle'}",True,0.9,val_mean_absolute_error,<keras.src.engine.sequential.Sequential object at 0x000001BCB2BBEA30>,StandardScaler(),IsolationForest(contamination=0.05),"[1.04913921e+01 3.11117950e+02 1.32454119e+01 2.94138916e+02
 1.76385365e+01 1.22020133e-01 1.25743475e+01 9.17381048e-03]",[0. 0. 0. 0. 0. 0. 0. 0.],13.24541421944294,10.172701800813655,0.5610100653363942,1.6459666902047672,1.077161667676501,16.214929884362434,12.235687723856975,9.315005288574548,10.766425164010505,0.562078344106531,0.04601889052379373,1.3630305133067482,0.8743914165190279,16.78257111957777,12.657676949272709,9.752654417021724,11.102984278178985,0.5634080275794139,0.04563875441563422,0.045828822469713974,0.04582803419143767,0.04582842832888096
0.001,64,"(<class 'keras.src.optimizers.adam.Adam'>, {'beta_1': 0.99, 'beta_2': 0.9995, 'epsilon': 1e-06, 'amsgrad': False, 'learning_rate': 0.001})",<class 'keras.src.optimizers.adam.Adam'>,"{'beta_1': 0.99, 'beta_2': 0.9995, 'epsilon': 1e-06, 'amsgrad': False, 'learning_rate': 0.001}","(<class '__main__.CustomLossWrapper'>, {'loss_function': <function custom_median_loss_scaled at 0x000001BAFB5578B0>, 'lambda_sign': 1.0})",<class '__main__.CustomLossWrapper'>,"{'loss_function': <function custom_median_loss_scaled at 0x000001BAFB5578B0>, 'lambda_sign': 1.0}","[(<class 'keras.src.metrics.regression_metrics.MeanSquaredError'>, {}), (<class 'keras.src.metrics.regression_metrics.MeanAbsoluteError'>, {}), (<class 'keras.src.metrics.regression_metrics.MeanAbsolutePercentageError'>, {}), (<class 'keras.src.metrics.regression_metrics.RootMeanSquaredError'>, {}), (<class 'keras.src.metrics.regression_metrics.CosineSimilarity'>, {}), (<class 'keras.src.metrics.regression_metrics.LogCoshError'>, {}), (<class 'tensorflow_addons.metrics.r_square.RSquare'>, {})]",200,"[{'nodes': 128, 'activation': 'softplus', 'l2_reg': 0.0001, 'l1_reg': 0.001}]",0.99,True,PCA(n_components=0.99),1,True,"{'enabled': True, 'contamination': 0.02, 'remove_outliers': True}",False,True,"{'method': <function cosine_annealing_50 at 0x000001BAC637EB80>, 'description': 'Cosine Annealing with 50 epochs cycle'}",True,0.9,val_mean_absolute_error,<keras.src.engine.sequential.Sequential object at 0x000001BCC4758C10>,StandardScaler(),IsolationForest(contamination=0.02),"[1.05338211e+01 3.11336761e+02 1.32541733e+01 2.57963867e+02
 1.76447372e+01 1.17782094e-01 1.25839911e+01 8.47697258e-03]",[0. 0. 0. 0. 0. 0. 0. 0.],13.254174037746056,10.248813260146695,0.5588910471481547,1.0866197052650122,0.5082813208184003,16.219288858393032,12.212993689966481,9.342939109583323,10.727703928664345,0.5615485147115962,0.04315809369842353,0.707641260560476,0.10958579453807005,16.801223108241985,12.650926874344787,9.75726752126262,11.077737011819124,0.5699335139128293,0.04518733188786906,0.044172712793146295,0.04414940763839619,0.044161058678415015
0.001,64,"(<class 'keras.src.optimizers.adam.Adam'>, {'beta_1': 0.85, 'beta_2': 0.95, 'epsilon': 1e-08, 'amsgrad': False, 'learning_rate': 0.001})",<class 'keras.src.optimizers.adam.Adam'>,"{'beta_1': 0.85, 'beta_2': 0.95, 'epsilon': 1e-08, 'amsgrad': False, 'learning_rate': 0.001}","(<class '__main__.CustomLossWrapper'>, {'loss_function': <function custom_median_loss_scaled at 0x000001BAFB5578B0>, 'lambda_sign': 2.0})",<class '__main__.CustomLossWrapper'>,"{'loss_function': <function custom_median_loss_scaled at 0x000001BAFB5578B0>, 'lambda_sign': 2.0}","[(<class 'keras.src.metrics.regression_metrics.MeanSquaredError'>, {}), (<class 'keras.src.metrics.regression_metrics.MeanAbsoluteError'>, {}), (<class 'keras.src.metrics.regression_metrics.MeanAbsolutePercentageError'>, {}), (<class 'keras.src.metrics.regression_metrics.RootMeanSquaredError'>, {}), (<class 'keras.src.metrics.regression_metrics.CosineSimilarity'>, {}), (<class 'keras.src.metrics.regression_metrics.LogCoshError'>, {}), (<class 'tensorflow_addons.metrics.r_square.RSquare'>, {})]",200,"[{'nodes': 128, 'activation': 'softplus', 'l2_reg': 0.0001, 'l1_reg': 0.001}]",0.99,True,PCA(n_components=0.99),1,True,"{'enabled': False, 'contamination': 0.05, 'remove_outliers': True}",False,True,"{'method': <function cosine_annealing_50 at 0x000001BAC637EB80>, 'description': 'Cosine Annealing with 50 epochs cycle'}",True,0.9,val_mean_absolute_error,<keras.src.engine.sequential.Sequential object at 0x000001BCCAFB2CD0>,StandardScaler(),,"[1.05836926e+01 3.10068420e+02 1.32203465e+01 2.56093628e+02
 1.76087589e+01 1.31555706e-01 1.25513906e+01 1.25162601e-02]",[0. 0. 0. 0. 0. 0. 0. 0.],13.220347608139603,10.128164249021896,0.5657778562599329,1.3049365597263585,0.7729723354809437,16.210240533813,12.210908188391818,9.316023081725767,10.740729586117686,0.5641976616862704,0.04591465489434029,0.833963893696369,0.32101347931807145,16.748420984424783,12.615738050335445,9.733786215901542,11.04666203661419,0.5685791676926866,0.04748513173538872,0.0466998933148645,0.04668668987191636,0.04669329112669891
0.001,64,"(<class 'keras.src.optimizers.adam.Adam'>, {'beta_1': 0.85, 'beta_2': 0.95, 'epsilon': 1e-08, 'amsgrad': False, 'learning_rate': 0.001})",<class 'keras.src.optimizers.adam.Adam'>,"{'beta_1': 0.85, 'beta_2': 0.95, 'epsilon': 1e-08, 'amsgrad': False, 'learning_rate': 0.001}","(<class '__main__.CustomLossWrapper'>, {'loss_function': <function custom_median_loss_scaled at 0x000001BAFB5578B0>, 'lambda_sign': 2.0})",<class '__main__.CustomLossWrapper'>,"{'loss_function': <function custom_median_loss_scaled at 0x000001BAFB5578B0>, 'lambda_sign': 2.0}","[(<class 'keras.src.metrics.regression_metrics.MeanSquaredError'>, {}), (<class 'keras.src.metrics.regression_metrics.MeanAbsoluteError'>, {}), (<class 'keras.src.metrics.regression_metrics.MeanAbsolutePercentageError'>, {}), (<class 'keras.src.metrics.regression_metrics.RootMeanSquaredError'>, {}), (<class 'keras.src.metrics.regression_metrics.CosineSimilarity'>, {}), (<class 'keras.src.metrics.regression_metrics.LogCoshError'>, {}), (<class 'tensorflow_addons.metrics.r_square.RSquare'>, {})]",200,"[{'nodes': 128, 'activation': 'softplus', 'l2_reg': 0.0001, 'l1_reg': 0.001}]",0.99,True,PCA(n_components=0.99),1,True,"{'enabled': True, 'contamination': 0.05, 'remove_outliers': True}",False,True,"{'method': <function cosine_annealing_50 at 0x000001BAC637EB80>, 'description': 'Cosine Annealing with 50 epochs cycle'}",True,0.9,val_mean_absolute_error,<keras.src.engine.sequential.Sequential object at 0x000001BCCC2DCC70>,StandardScaler(),IsolationForest(contamination=0.05),"[1.05695219e+01 3.11431793e+02 1.32466354e+01 2.64952576e+02
 1.76474304e+01 1.24845490e-01 1.25774155e+01 8.17430019e-03]",[0. 0. 0. 0. 0. 0. 0. 0.],13.246636355005379,10.195166413851641,0.5624227441285538,1.044217485088558,0.5451813834802958,16.225269141040602,12.209054216266555,9.312889000634758,10.737016215081784,0.562290275864505,0.04623562670957438,0.6496784564039253,0.18228371541567606,16.79373566659334,12.64361134101784,9.729478853044917,11.071183274063312,0.56981039152918,0.04790663546199039,0.04707113108578238,0.047056301028663296,0.047063715473092925
0.001,64,"(<class 'keras.src.optimizers.adam.Adam'>, {'beta_1': 0.85, 'beta_2': 0.95, 'epsilon': 1e-08, 'amsgrad': False, 'learning_rate': 0.001})",<class 'keras.src.optimizers.adam.Adam'>,"{'beta_1': 0.85, 'beta_2': 0.95, 'epsilon': 1e-08, 'amsgrad': False, 'learning_rate': 0.001}","(<class '__main__.CustomLossWrapper'>, {'loss_function': <function custom_median_loss_scaled at 0x000001BAFB5578B0>, 'lambda_sign': 2.0})",<class '__main__.CustomLossWrapper'>,"{'loss_function': <function custom_median_loss_scaled at 0x000001BAFB5578B0>, 'lambda_sign': 2.0}","[(<class 'keras.src.metrics.regression_metrics.MeanSquaredError'>, {}), (<class 'keras.src.metrics.regression_metrics.MeanAbsoluteError'>, {}), (<class 'keras.src.metrics.regression_metrics.MeanAbsolutePercentageError'>, {}), (<class 'keras.src.metrics.regression_metrics.RootMeanSquaredError'>, {}), (<class 'keras.src.metrics.regression_metrics.CosineSimilarity'>, {}), (<class 'keras.src.metrics.regression_metrics.LogCoshError'>, {}), (<class 'tensorflow_addons.metrics.r_square.RSquare'>, {})]",200,"[{'nodes': 128, 'activation': 'softplus', 'l2_reg': 0.0001, 'l1_reg': 0.001}]",0.99,True,PCA(n_components=0.99),1,True,"{'enabled': True, 'contamination': 0.05, 'remove_outliers': False}",False,True,"{'method': <function cosine_annealing_50 at 0x000001BAC637EB80>, 'description': 'Cosine Annealing with 50 epochs cycle'}",True,0.9,val_mean_absolute_error,<keras.src.engine.sequential.Sequential object at 0x000001BCD33995B0>,StandardScaler(),IsolationForest(contamination=0.05),"[1.06177816e+01 3.12004456e+02 1.32556171e+01 3.14619202e+02
 1.76636486e+01 1.16016246e-01 1.25846958e+01 6.35051727e-03]",[0. 0. 0. 0. 0. 0. 0. 0.],13.255618264229085,10.088212926048765,0.5580081229030549,1.3074829697179473,0.7682093235550873,16.226498306896758,12.219731162220311,9.320492291389467,10.75554346383159,0.5607714315990251,0.04545694805882321,0.9659851311704061,0.49786403181542205,16.7929534884919,12.643111006125158,9.76697849407001,11.093628342807646,0.5679635557744398,0.04423704946136152,0.04484699876009236,0.04483870304003733,0.044842850708231116
0.001,64,"(<class 'keras.src.optimizers.adam.Adam'>, {'beta_1': 0.85, 'beta_2': 0.95, 'epsilon': 1e-08, 'amsgrad': False, 'learning_rate': 0.001})",<class 'keras.src.optimizers.adam.Adam'>,"{'beta_1': 0.85, 'beta_2': 0.95, 'epsilon': 1e-08, 'amsgrad': False, 'learning_rate': 0.001}","(<class '__main__.CustomLossWrapper'>, {'loss_function': <function custom_median_loss_scaled at 0x000001BAFB5578B0>, 'lambda_sign': 2.0})",<class '__main__.CustomLossWrapper'>,"{'loss_function': <function custom_median_loss_scaled at 0x000001BAFB5578B0>, 'lambda_sign': 2.0}","[(<class 'keras.src.metrics.regression_metrics.MeanSquaredError'>, {}), (<class 'keras.src.metrics.regression_metrics.MeanAbsoluteError'>, {}), (<class 'keras.src.metrics.regression_metrics.MeanAbsolutePercentageError'>, {}), (<class 'keras.src.metrics.regression_metrics.RootMeanSquaredError'>, {}), (<class 'keras.src.metrics.regression_metrics.CosineSimilarity'>, {}), (<class 'keras.src.metrics.regression_metrics.LogCoshError'>, {}), (<class 'tensorflow_addons.metrics.r_square.RSquare'>, {})]",200,"[{'nodes': 128, 'activation': 'softplus', 'l2_reg': 0.0001, 'l1_reg': 0.001}]",0.99,True,PCA(n_components=0.99),1,True,"{'enabled': True, 'contamination': 0.02, 'remove_outliers': True}",False,True,"{'method': <function cosine_annealing_50 at 0x000001BAC637EB80>, 'description': 'Cosine Annealing with 50 epochs cycle'}",True,0.9,val_mean_absolute_error,<keras.src.engine.sequential.Sequential object at 0x000001BCD38596D0>,StandardScaler(),IsolationForest(contamination=0.02),"[1.05721693e+01 3.10937927e+02 1.32454557e+01 2.70188049e+02
 1.76334324e+01 1.13544054e-01 1.25744390e+01 9.74714756e-03]",[0. 0. 0. 0. 0. 0. 0. 0.],13.24545383665326,10.17940444469017,0.5567720289599153,1.4727611386296047,0.8692469893953823,16.216396470404952,12.224344897199769,9.323927488033206,10.756427371502575,0.5613719049132846,0.04510513798422423,1.1419807245373554,0.6404907449507105,16.76628768143776,12.64994072153664,9.780676812885241,11.062186869088022,0.5672248214725437,0.04289657905731447,0.04400085852076935,0.043973144672121774,0.04398699941381945
0.001,64,"(<class 'keras.src.optimizers.adam.Adam'>, {'beta_1': 0.85, 'beta_2': 0.95, 'epsilon': 1e-08, 'amsgrad': False, 'learning_rate': 0.001})",<class 'keras.src.optimizers.adam.Adam'>,"{'beta_1': 0.85, 'beta_2': 0.95, 'epsilon': 1e-08, 'amsgrad': False, 'learning_rate': 0.001}","(<class '__main__.CustomLossWrapper'>, {'loss_function': <function custom_median_loss_scaled at 0x000001BAFB5578B0>, 'lambda_sign': 1.0})",<class '__main__.CustomLossWrapper'>,"{'loss_function': <function custom_median_loss_scaled at 0x000001BAFB5578B0>, 'lambda_sign': 1.0}","[(<class 'keras.src.metrics.regression_metrics.MeanSquaredError'>, {}), (<class 'keras.src.metrics.regression_metrics.MeanAbsoluteError'>, {}), (<class 'keras.src.metrics.regression_metrics.MeanAbsolutePercentageError'>, {}), (<class 'keras.src.metrics.regression_metrics.RootMeanSquaredError'>, {}), (<class 'keras.src.metrics.regression_metrics.CosineSimilarity'>, {}), (<class 'keras.src.metrics.regression_metrics.LogCoshError'>, {}), (<class 'tensorflow_addons.metrics.r_square.RSquare'>, {})]",200,"[{'nodes': 128, 'activation': 'softplus', 'l2_reg': 0.0001, 'l1_reg': 0.001}]",0.99,True,PCA(n_components=0.99),1,True,"{'enabled': False, 'contamination': 0.05, 'remove_outliers': True}",False,True,"{'method': <function cosine_annealing_50 at 0x000001BAC637EB80>, 'description': 'Cosine Annealing with 50 epochs cycle'}",True,0.9,val_mean_absolute_error,<keras.src.engine.sequential.Sequential object at 0x000001BCE41647F0>,StandardScaler(),,"[1.05057878e+01 3.12490784e+02 1.32654667e+01 3.42155548e+02
 1.76774082e+01 1.11071870e-01 1.25966082e+01 4.80169058e-03]",[0. 0. 0. 0. 0. 0. 0. 0.],13.26546734582514,10.209346006423743,0.5555359350167756,1.3722439698617037,0.8099110464546206,16.260870468594312,12.231132636270104,9.321833176636058,10.802459834939079,0.5591466214545583,0.04531962347814985,1.0349934089196666,0.5573012330652347,16.874331020366178,12.675153803509819,9.723010132415212,11.18637937340789,0.5674710662398424,0.048539642232611514,0.04692963285538068,0.04687439845363799,0.04690200752362371
0.001,64,"(<class 'keras.src.optimizers.adam.Adam'>, {'beta_1': 0.85, 'beta_2': 0.95, 'epsilon': 1e-08, 'amsgrad': False, 'learning_rate': 0.001})",<class 'keras.src.optimizers.adam.Adam'>,"{'beta_1': 0.85, 'beta_2': 0.95, 'epsilon': 1e-08, 'amsgrad': False, 'learning_rate': 0.001}","(<class '__main__.CustomLossWrapper'>, {'loss_function': <function custom_median_loss_scaled at 0x000001BAFB5578B0>, 'lambda_sign': 1.0})",<class '__main__.CustomLossWrapper'>,"{'loss_function': <function custom_median_loss_scaled at 0x000001BAFB5578B0>, 'lambda_sign': 1.0}","[(<class 'keras.src.metrics.regression_metrics.MeanSquaredError'>, {}), (<class 'keras.src.metrics.regression_metrics.MeanAbsoluteError'>, {}), (<class 'keras.src.metrics.regression_metrics.MeanAbsolutePercentageError'>, {}), (<class 'keras.src.metrics.regression_metrics.RootMeanSquaredError'>, {}), (<class 'keras.src.metrics.regression_metrics.CosineSimilarity'>, {}), (<class 'keras.src.metrics.regression_metrics.LogCoshError'>, {}), (<class 'tensorflow_addons.metrics.r_square.RSquare'>, {})]",200,"[{'nodes': 128, 'activation': 'softplus', 'l2_reg': 0.0001, 'l1_reg': 0.001}]",0.99,True,PCA(n_components=0.99),1,True,"{'enabled': True, 'contamination': 0.05, 'remove_outliers': True}",False,True,"{'method': <function cosine_annealing_50 at 0x000001BAC637EB80>, 'description': 'Cosine Annealing with 50 epochs cycle'}",True,0.9,val_mean_absolute_error,<keras.src.engine.sequential.Sequential object at 0x000001BCE4238970>,StandardScaler(),IsolationForest(contamination=0.05),"[1.05213165e+01 3.10634796e+02 1.32316761e+01 1.57445175e+02
 1.76248341e+01 1.23079643e-01 1.25637827e+01 1.07125640e-02]",[0. 0. 0. 0. 0. 0. 0. 0.],13.231675392016239,10.235475347160335,0.561539819883454,1.5458027917554076,0.9826847750369856,16.235572427765533,12.245624040713741,9.353671913447476,10.771387918197629,0.5627494613401152,0.04205891105483729,1.1391682029626364,0.6578496632784065,16.79668022989331,12.655637655233456,9.761889192446183,11.10141630290419,0.572272839202167,0.04473507102853529,0.04339699104168629,0.04335573338745202,0.043376357309264625
0.001,64,"(<class 'keras.src.optimizers.adam.Adam'>, {'beta_1': 0.85, 'beta_2': 0.95, 'epsilon': 1e-08, 'amsgrad': False, 'learning_rate': 0.001})",<class 'keras.src.optimizers.adam.Adam'>,"{'beta_1': 0.85, 'beta_2': 0.95, 'epsilon': 1e-08, 'amsgrad': False, 'learning_rate': 0.001}","(<class '__main__.CustomLossWrapper'>, {'loss_function': <function custom_median_loss_scaled at 0x000001BAFB5578B0>, 'lambda_sign': 1.0})",<class '__main__.CustomLossWrapper'>,"{'loss_function': <function custom_median_loss_scaled at 0x000001BAFB5578B0>, 'lambda_sign': 1.0}","[(<class 'keras.src.metrics.regression_metrics.MeanSquaredError'>, {}), (<class 'keras.src.metrics.regression_metrics.MeanAbsoluteError'>, {}), (<class 'keras.src.metrics.regression_metrics.MeanAbsolutePercentageError'>, {}), (<class 'keras.src.metrics.regression_metrics.RootMeanSquaredError'>, {}), (<class 'keras.src.metrics.regression_metrics.CosineSimilarity'>, {}), (<class 'keras.src.metrics.regression_metrics.LogCoshError'>, {}), (<class 'tensorflow_addons.metrics.r_square.RSquare'>, {})]",200,"[{'nodes': 128, 'activation': 'softplus', 'l2_reg': 0.0001, 'l1_reg': 0.001}]",0.99,True,PCA(n_components=0.99),1,True,"{'enabled': True, 'contamination': 0.05, 'remove_outliers': False}",False,True,"{'method': <function cosine_annealing_50 at 0x000001BAC637EB80>, 'description': 'Cosine Annealing with 50 epochs cycle'}",True,0.9,val_mean_absolute_error,<keras.src.engine.sequential.Sequential object at 0x000001BCEC3C57F0>,StandardScaler(),IsolationForest(contamination=0.05),"[1.05157223e+01 3.11287079e+02 1.32477627e+01 2.22107162e+02
 1.76433296e+01 1.19901113e-01 1.25773382e+01 8.63522291e-03]",[0. 0. 0. 0. 0. 0. 0. 0.],13.247765643292846,10.171847781936373,0.5599505562422744,0.9915159629511601,0.5032884912006108,16.223673605318822,12.209169493294318,9.326481387844547,10.729475232036597,0.5640563738476211,0.04484358449069028,0.640503301971242,0.1827358900619721,16.78680712628223,12.63170608983803,9.683771282106905,11.073732068495111,0.5711647377493229,0.05237942127678376,0.048611502883737015,0.04831944836629873,0.048465255633277256
0.001,64,"(<class 'keras.src.optimizers.adam.Adam'>, {'beta_1': 0.85, 'beta_2': 0.95, 'epsilon': 1e-08, 'amsgrad': False, 'learning_rate': 0.001})",<class 'keras.src.optimizers.adam.Adam'>,"{'beta_1': 0.85, 'beta_2': 0.95, 'epsilon': 1e-08, 'amsgrad': False, 'learning_rate': 0.001}","(<class '__main__.CustomLossWrapper'>, {'loss_function': <function custom_median_loss_scaled at 0x000001BAFB5578B0>, 'lambda_sign': 1.0})",<class '__main__.CustomLossWrapper'>,"{'loss_function': <function custom_median_loss_scaled at 0x000001BAFB5578B0>, 'lambda_sign': 1.0}","[(<class 'keras.src.metrics.regression_metrics.MeanSquaredError'>, {}), (<class 'keras.src.metrics.regression_metrics.MeanAbsoluteError'>, {}), (<class 'keras.src.metrics.regression_metrics.MeanAbsolutePercentageError'>, {}), (<class 'keras.src.metrics.regression_metrics.RootMeanSquaredError'>, {}), (<class 'keras.src.metrics.regression_metrics.CosineSimilarity'>, {}), (<class 'keras.src.metrics.regression_metrics.LogCoshError'>, {}), (<class 'tensorflow_addons.metrics.r_square.RSquare'>, {})]",200,"[{'nodes': 128, 'activation': 'softplus', 'l2_reg': 0.0001, 'l1_reg': 0.001}]",0.99,True,PCA(n_components=0.99),1,True,"{'enabled': True, 'contamination': 0.02, 'remove_outliers': True}",False,True,"{'method': <function cosine_annealing_50 at 0x000001BAC637EB80>, 'description': 'Cosine Annealing with 50 epochs cycle'}",True,0.9,val_mean_absolute_error,<keras.src.engine.sequential.Sequential object at 0x000001BD056EB700>,StandardScaler(),IsolationForest(contamination=0.02),"[1.05285540e+01 3.11300201e+02 1.32321234e+01 2.82838837e+02
 1.76437016e+01 1.22373298e-01 1.25628338e+01 8.59338045e-03]",[0. 0. 0. 0. 0. 0. 0. 0.],13.232120407638124,10.219644768138485,0.5611866501854141,1.694189596007936,1.0554265022848934,16.208772189838694,12.222004279872586,9.290270463116356,10.780167464889054,0.560983363356999,0.048552067425179916,1.319245536015718,0.7909037295528838,16.77058033013697,12.640461756308621,9.751857453804266,11.099190926241004,0.5677173110071411,0.04571674249727585,0.04713440496122788,0.04709176589824721,0.04711308060599864
0.001,64,"(<class 'keras.src.optimizers.adam.Adam'>, {'beta_1': 0.99, 'beta_2': 0.9995, 'epsilon': 1e-06, 'amsgrad': False, 'learning_rate': 0.001})",<class 'keras.src.optimizers.adam.Adam'>,"{'beta_1': 0.99, 'beta_2': 0.9995, 'epsilon': 1e-06, 'amsgrad': False, 'learning_rate': 0.001}","(<class '__main__.CustomLossWrapper'>, {'loss_function': <function custom_median_loss_scaled at 0x000001BAFB5578B0>, 'lambda_sign': 2.0})",<class '__main__.CustomLossWrapper'>,"{'loss_function': <function custom_median_loss_scaled at 0x000001BAFB5578B0>, 'lambda_sign': 2.0}","[(<class 'keras.src.metrics.regression_metrics.MeanSquaredError'>, {}), (<class 'keras.src.metrics.regression_metrics.MeanAbsoluteError'>, {}), (<class 'keras.src.metrics.regression_metrics.MeanAbsolutePercentageError'>, {}), (<class 'keras.src.metrics.regression_metrics.RootMeanSquaredError'>, {}), (<class 'keras.src.metrics.regression_metrics.CosineSimilarity'>, {}), (<class 'keras.src.metrics.regression_metrics.LogCoshError'>, {}), (<class 'tensorflow_addons.metrics.r_square.RSquare'>, {})]",200,"[{'nodes': 128, 'activation': 'softplus', 'l2_reg': 0.0001, 'l1_reg': 0.001}]",0.99,True,PCA(n_components=0.99),1,True,"{'enabled': False, 'contamination': 0.05, 'remove_outliers': True}",False,True,"{'method': <function cosine_annealing_50 at 0x000001BAC637EB80>, 'description': 'Cosine Annealing with 50 epochs cycle'}",True,0.9,val_mean_absolute_error,<keras.src.engine.sequential.Sequential object at 0x000001BD0F013B80>,StandardScaler(),,"[1.05949783e+01 3.10209778e+02 1.32352991e+01 1.74696930e+02
 1.76127739e+01 1.29083529e-01 1.25655899e+01 1.20661259e-02]",[0. 0. 0. 0. 0. 0. 0. 0.],13.235302155512793,10.160251367637235,0.5645417623167932,1.3158783531357388,0.8299742962422072,16.181370098511813,12.212771979669322,9.365331279775473,10.69632027013638,0.5615131927519339,0.04086483602419667,0.862758333872946,0.2960125196453238,16.73393527729249,12.621114879798563,9.742552291754922,11.020747604564953,0.5730115735040631,0.046627313677597475,0.04374607485089707,0.04355630840431231,0.043651088505142724
0.001,64,"(<class 'keras.src.optimizers.adam.Adam'>, {'beta_1': 0.99, 'beta_2': 0.9995, 'epsilon': 1e-06, 'amsgrad': False, 'learning_rate': 0.001})",<class 'keras.src.optimizers.adam.Adam'>,"{'beta_1': 0.99, 'beta_2': 0.9995, 'epsilon': 1e-06, 'amsgrad': False, 'learning_rate': 0.001}","(<class '__main__.CustomLossWrapper'>, {'loss_function': <function custom_median_loss_scaled at 0x000001BAFB5578B0>, 'lambda_sign': 2.0})",<class '__main__.CustomLossWrapper'>,"{'loss_function': <function custom_median_loss_scaled at 0x000001BAFB5578B0>, 'lambda_sign': 2.0}","[(<class 'keras.src.metrics.regression_metrics.MeanSquaredError'>, {}), (<class 'keras.src.metrics.regression_metrics.MeanAbsoluteError'>, {}), (<class 'keras.src.metrics.regression_metrics.MeanAbsolutePercentageError'>, {}), (<class 'keras.src.metrics.regression_metrics.RootMeanSquaredError'>, {}), (<class 'keras.src.metrics.regression_metrics.CosineSimilarity'>, {}), (<class 'keras.src.metrics.regression_metrics.LogCoshError'>, {}), (<class 'tensorflow_addons.metrics.r_square.RSquare'>, {})]",200,"[{'nodes': 128, 'activation': 'softplus', 'l2_reg': 0.0001, 'l1_reg': 0.001}]",0.99,True,PCA(n_components=0.99),1,True,"{'enabled': True, 'contamination': 0.05, 'remove_outliers': True}",False,True,"{'method': <function cosine_annealing_50 at 0x000001BAC637EB80>, 'description': 'Cosine Annealing with 50 epochs cycle'}",True,0.9,val_mean_absolute_error,<keras.src.engine.sequential.Sequential object at 0x000001BD0352B220>,StandardScaler(),IsolationForest(contamination=0.05),"[1.05880575e+01 3.10947601e+02 1.32408676e+01 3.04163971e+02
 1.76337070e+01 1.26964509e-01 1.25710316e+01 9.71633196e-03]",[0. 0. 0. 0. 0. 0. 0. 0.],13.240869183038031,10.137413398874564,0.5634822532226735,1.690265193722513,1.0469889620596247,16.196138681190117,12.21743098902073,9.313283020544539,10.76573792230721,0.5614072268729469,0.046195273801653954,1.391261951417693,0.9033761542738905,16.76337423112392,12.64837057151812,9.769638200856937,11.088083060664394,0.5668554543215957,0.043976779695457505,0.04508602674855573,0.04505873605311101,0.04507237933531661
0.001,64,"(<class 'keras.src.optimizers.adam.Adam'>, {'beta_1': 0.99, 'beta_2': 0.9995, 'epsilon': 1e-06, 'amsgrad': False, 'learning_rate': 0.001})",<class 'keras.src.optimizers.adam.Adam'>,"{'beta_1': 0.99, 'beta_2': 0.9995, 'epsilon': 1e-06, 'amsgrad': False, 'learning_rate': 0.001}","(<class '__main__.CustomLossWrapper'>, {'loss_function': <function custom_median_loss_scaled at 0x000001BAFB5578B0>, 'lambda_sign': 2.0})",<class '__main__.CustomLossWrapper'>,"{'loss_function': <function custom_median_loss_scaled at 0x000001BAFB5578B0>, 'lambda_sign': 2.0}","[(<class 'keras.src.metrics.regression_metrics.MeanSquaredError'>, {}), (<class 'keras.src.metrics.regression_metrics.MeanAbsoluteError'>, {}), (<class 'keras.src.metrics.regression_metrics.MeanAbsolutePercentageError'>, {}), (<class 'keras.src.metrics.regression_metrics.RootMeanSquaredError'>, {}), (<class 'keras.src.metrics.regression_metrics.CosineSimilarity'>, {}), (<class 'keras.src.metrics.regression_metrics.LogCoshError'>, {}), (<class 'tensorflow_addons.metrics.r_square.RSquare'>, {})]",200,"[{'nodes': 128, 'activation': 'softplus', 'l2_reg': 0.0001, 'l1_reg': 0.001}]",0.99,True,PCA(n_components=0.99),1,True,"{'enabled': True, 'contamination': 0.05, 'remove_outliers': False}",False,True,"{'method': <function cosine_annealing_50 at 0x000001BAC637EB80>, 'description': 'Cosine Annealing with 50 epochs cycle'}",True,0.9,val_mean_absolute_error,<keras.src.engine.sequential.Sequential object at 0x000001BD14F7CC40>,StandardScaler(),IsolationForest(contamination=0.05),"[1.05812998e+01 3.11468475e+02 1.32513990e+01 2.72150208e+02
 1.76484699e+01 1.08952850e-01 1.25805864e+01 8.05747509e-03]",[0. 0. 0. 0. 0. 0. 0. 0.],13.251394386323048,10.198242062457515,0.5544764259226559,1.6305839614708628,1.0428849543950842,16.227053634713368,12.235988676988928,9.320671963087186,10.781997039661913,0.5598530606478047,0.0454385472742588,1.3951522747929381,0.892533384204454,16.770809222079798,12.652198506406355,9.731986357850076,11.095444688758,0.5658704752524009,0.04766125965896967,0.04654990346661424,0.04652337038073635,0.046536635032679546
0.001,64,"(<class 'keras.src.optimizers.adam.Adam'>, {'beta_1': 0.99, 'beta_2': 0.9995, 'epsilon': 1e-06, 'amsgrad': False, 'learning_rate': 0.001})",<class 'keras.src.optimizers.adam.Adam'>,"{'beta_1': 0.99, 'beta_2': 0.9995, 'epsilon': 1e-06, 'amsgrad': False, 'learning_rate': 0.001}","(<class '__main__.CustomLossWrapper'>, {'loss_function': <function custom_median_loss_scaled at 0x000001BAFB5578B0>, 'lambda_sign': 2.0})",<class '__main__.CustomLossWrapper'>,"{'loss_function': <function custom_median_loss_scaled at 0x000001BAFB5578B0>, 'lambda_sign': 2.0}","[(<class 'keras.src.metrics.regression_metrics.MeanSquaredError'>, {}), (<class 'keras.src.metrics.regression_metrics.MeanAbsoluteError'>, {}), (<class 'keras.src.metrics.regression_metrics.MeanAbsolutePercentageError'>, {}), (<class 'keras.src.metrics.regression_metrics.RootMeanSquaredError'>, {}), (<class 'keras.src.metrics.regression_metrics.CosineSimilarity'>, {}), (<class 'keras.src.metrics.regression_metrics.LogCoshError'>, {}), (<class 'tensorflow_addons.metrics.r_square.RSquare'>, {})]",200,"[{'nodes': 128, 'activation': 'softplus', 'l2_reg': 0.0001, 'l1_reg': 0.001}]",0.99,True,PCA(n_components=0.99),1,True,"{'enabled': True, 'contamination': 0.02, 'remove_outliers': True}",False,True,"{'method': <function cosine_annealing_50 at 0x000001BAC637EB80>, 'description': 'Cosine Annealing with 50 epochs cycle'}",True,0.9,val_mean_absolute_error,<keras.src.engine.sequential.Sequential object at 0x000001BD148E7CD0>,StandardScaler(),IsolationForest(contamination=0.02),"[1.06099482e+01 3.11491821e+02 1.32549086e+01 2.87990967e+02
 1.76491318e+01 1.16369419e-01 1.25858145e+01 7.98314810e-03]",[0. 0. 0. 0. 0. 0. 0. 0.],13.254908583090707,10.161289659440444,0.5581847077520748,1.2566351021350102,0.7537595806063264,16.206227627030525,12.224028929365618,9.37859818656949,10.713955383344548,0.5584048603016495,0.03950612735247986,0.9315016840932129,0.4477830061550516,16.78112736655562,12.652538230434608,9.785483832067033,11.061989042085482,0.5646392514159074,0.04242618067983524,0.04096615401615755,0.04091411891767578,0.04094012819981016
0.001,64,"(<class 'keras.src.optimizers.adam.Adam'>, {'beta_1': 0.99, 'beta_2': 0.9995, 'epsilon': 1e-06, 'amsgrad': False, 'learning_rate': 0.001})",<class 'keras.src.optimizers.adam.Adam'>,"{'beta_1': 0.99, 'beta_2': 0.9995, 'epsilon': 1e-06, 'amsgrad': False, 'learning_rate': 0.001}","(<class '__main__.CustomLossWrapper'>, {'loss_function': <function custom_median_loss_scaled at 0x000001BAFB5578B0>, 'lambda_sign': 1.0})",<class '__main__.CustomLossWrapper'>,"{'loss_function': <function custom_median_loss_scaled at 0x000001BAFB5578B0>, 'lambda_sign': 1.0}","[(<class 'keras.src.metrics.regression_metrics.MeanSquaredError'>, {}), (<class 'keras.src.metrics.regression_metrics.MeanAbsoluteError'>, {}), (<class 'keras.src.metrics.regression_metrics.MeanAbsolutePercentageError'>, {}), (<class 'keras.src.metrics.regression_metrics.RootMeanSquaredError'>, {}), (<class 'keras.src.metrics.regression_metrics.CosineSimilarity'>, {}), (<class 'keras.src.metrics.regression_metrics.LogCoshError'>, {}), (<class 'tensorflow_addons.metrics.r_square.RSquare'>, {})]",200,"[{'nodes': 128, 'activation': 'softplus', 'l2_reg': 0.0001, 'l1_reg': 0.001}]",0.99,True,PCA(n_components=0.99),1,True,"{'enabled': False, 'contamination': 0.05, 'remove_outliers': True}",False,True,"{'method': <function cosine_annealing_50 at 0x000001BAC637EB80>, 'description': 'Cosine Annealing with 50 epochs cycle'}",True,0.9,val_mean_absolute_error,<keras.src.engine.sequential.Sequential object at 0x000001BD15115940>,StandardScaler(),,"[1.05671530e+01 3.10616913e+02 1.32482891e+01 2.48040863e+02
 1.76243267e+01 1.18135266e-01 1.25792494e+01 1.07694864e-02]",[0. 0. 0. 0. 0. 0. 0. 0.],13.248288860591067,10.180668311674484,0.5590676319971747,1.0111881382873353,0.5155190644711962,16.195461958273047,12.205395645480394,9.367532063708017,10.692921985620211,0.5626081735014659,0.040639446318808,0.5694254218357434,0.05700041274798184,16.76883885268403,12.639872555525432,9.794389542310688,11.033231178835843,0.5668554543215957,0.04155469848047489,0.04109707239964144,0.04109197661987829,0.04109452443077437
0.001,64,"(<class 'keras.src.optimizers.adam.Adam'>, {'beta_1': 0.99, 'beta_2': 0.9995, 'epsilon': 1e-06, 'amsgrad': False, 'learning_rate': 0.001})",<class 'keras.src.optimizers.adam.Adam'>,"{'beta_1': 0.99, 'beta_2': 0.9995, 'epsilon': 1e-06, 'amsgrad': False, 'learning_rate': 0.001}","(<class '__main__.CustomLossWrapper'>, {'loss_function': <function custom_median_loss_scaled at 0x000001BAFB5578B0>, 'lambda_sign': 1.0})",<class '__main__.CustomLossWrapper'>,"{'loss_function': <function custom_median_loss_scaled at 0x000001BAFB5578B0>, 'lambda_sign': 1.0}","[(<class 'keras.src.metrics.regression_metrics.MeanSquaredError'>, {}), (<class 'keras.src.metrics.regression_metrics.MeanAbsoluteError'>, {}), (<class 'keras.src.metrics.regression_metrics.MeanAbsolutePercentageError'>, {}), (<class 'keras.src.metrics.regression_metrics.RootMeanSquaredError'>, {}), (<class 'keras.src.metrics.regression_metrics.CosineSimilarity'>, {}), (<class 'keras.src.metrics.regression_metrics.LogCoshError'>, {}), (<class 'tensorflow_addons.metrics.r_square.RSquare'>, {})]",200,"[{'nodes': 128, 'activation': 'softplus', 'l2_reg': 0.0001, 'l1_reg': 0.001}]",0.99,True,PCA(n_components=0.99),1,True,"{'enabled': True, 'contamination': 0.05, 'remove_outliers': True}",False,True,"{'method': <function cosine_annealing_50 at 0x000001BAC637EB80>, 'description': 'Cosine Annealing with 50 epochs cycle'}",True,0.9,val_mean_absolute_error,<keras.src.engine.sequential.Sequential object at 0x000001BACE2B9EB0>,StandardScaler(),IsolationForest(contamination=0.05),"[1.05221930e+01 3.11705536e+02 1.32542944e+01 2.97382965e+02
 1.76551838e+01 1.11778207e-01 1.25847759e+01 7.30258226e-03]",[0. 0. 0. 0. 0. 0. 0. 0.],13.254294833358818,10.207110728735458,0.5558891047148155,1.3236401763473886,0.7745515014949571,16.225737683254874,12.212973408818758,9.306553930359312,10.764044796965472,0.5632439687753876,0.04688442262355978,0.9270975479044191,0.3345278369170791,16.82149624019633,12.655705780873227,9.761086251855641,11.119160943648408,0.5685791676926866,0.044813644035365405,0.04584903332946259,0.045825651571713685,0.04583734095970054
0.001,64,"(<class 'keras.src.optimizers.adam.Adam'>, {'beta_1': 0.99, 'beta_2': 0.9995, 'epsilon': 1e-06, 'amsgrad': False, 'learning_rate': 0.001})",<class 'keras.src.optimizers.adam.Adam'>,"{'beta_1': 0.99, 'beta_2': 0.9995, 'epsilon': 1e-06, 'amsgrad': False, 'learning_rate': 0.001}","(<class '__main__.CustomLossWrapper'>, {'loss_function': <function custom_median_loss_scaled at 0x000001BAFB5578B0>, 'lambda_sign': 1.0})",<class '__main__.CustomLossWrapper'>,"{'loss_function': <function custom_median_loss_scaled at 0x000001BAFB5578B0>, 'lambda_sign': 1.0}","[(<class 'keras.src.metrics.regression_metrics.MeanSquaredError'>, {}), (<class 'keras.src.metrics.regression_metrics.MeanAbsoluteError'>, {}), (<class 'keras.src.metrics.regression_metrics.MeanAbsolutePercentageError'>, {}), (<class 'keras.src.metrics.regression_metrics.RootMeanSquaredError'>, {}), (<class 'keras.src.metrics.regression_metrics.CosineSimilarity'>, {}), (<class 'keras.src.metrics.regression_metrics.LogCoshError'>, {}), (<class 'tensorflow_addons.metrics.r_square.RSquare'>, {})]",200,"[{'nodes': 128, 'activation': 'softplus', 'l2_reg': 0.0001, 'l1_reg': 0.001}]",0.99,True,PCA(n_components=0.99),1,True,"{'enabled': True, 'contamination': 0.05, 'remove_outliers': False}",False,True,"{'method': <function cosine_annealing_50 at 0x000001BAC637EB80>, 'description': 'Cosine Annealing with 50 epochs cycle'}",True,0.9,val_mean_absolute_error,<keras.src.engine.sequential.Sequential object at 0x000001BD1D161160>,StandardScaler(),IsolationForest(contamination=0.05),"[1.05517950e+01 3.11951477e+02 1.32683010e+01 2.94814026e+02
 1.76621475e+01 1.05421156e-01 1.25988598e+01 6.51925802e-03]",[0. 0. 0. 0. 0. 0. 0. 0.],13.268302941512195,10.209110988675974,0.5527105774324563,1.0199462637725694,0.49765211766401984,16.237740202828913,12.216367809307723,9.353073717985616,10.745213815779575,0.5595351630108438,0.04212017426969439,0.6861376041819358,0.1996653114502156,16.821088468983255,12.654131761373652,9.743802680659854,11.102841608276238,0.5683329229253878,0.046504954916408006,0.0443125645930512,0.04420409478603168,0.044258296459346314
0.001,64,"(<class 'keras.src.optimizers.adam.Adam'>, {'beta_1': 0.99, 'beta_2': 0.9995, 'epsilon': 1e-06, 'amsgrad': False, 'learning_rate': 0.001})",<class 'keras.src.optimizers.adam.Adam'>,"{'beta_1': 0.99, 'beta_2': 0.9995, 'epsilon': 1e-06, 'amsgrad': False, 'learning_rate': 0.001}","(<class '__main__.CustomLossWrapper'>, {'loss_function': <function custom_median_loss_scaled at 0x000001BAFB5578B0>, 'lambda_sign': 1.0})",<class '__main__.CustomLossWrapper'>,"{'loss_function': <function custom_median_loss_scaled at 0x000001BAFB5578B0>, 'lambda_sign': 1.0}","[(<class 'keras.src.metrics.regression_metrics.MeanSquaredError'>, {}), (<class 'keras.src.metrics.regression_metrics.MeanAbsoluteError'>, {}), (<class 'keras.src.metrics.regression_metrics.MeanAbsolutePercentageError'>, {}), (<class 'keras.src.metrics.regression_metrics.RootMeanSquaredError'>, {}), (<class 'keras.src.metrics.regression_metrics.CosineSimilarity'>, {}), (<class 'keras.src.metrics.regression_metrics.LogCoshError'>, {}), (<class 'tensorflow_addons.metrics.r_square.RSquare'>, {})]",200,"[{'nodes': 128, 'activation': 'softplus', 'l2_reg': 0.0001, 'l1_reg': 0.001}]",0.99,True,PCA(n_components=0.99),1,True,"{'enabled': True, 'contamination': 0.02, 'remove_outliers': True}",False,True,"{'method': <function cosine_annealing_50 at 0x000001BAC637EB80>, 'description': 'Cosine Annealing with 50 epochs cycle'}",True,0.9,val_mean_absolute_error,<keras.src.engine.sequential.Sequential object at 0x000001BD2CFDA130>,StandardScaler(),IsolationForest(contamination=0.02),"[1.05652714e+01 3.10966003e+02 1.32585545e+01 1.79346008e+02
 1.76342278e+01 1.16016246e-01 1.25884552e+01 9.65774059e-03]",[0. 0. 0. 0. 0. 0. 0. 0.],13.258556361480629,10.223596327214583,0.5580081229030549,1.0601965275140497,0.5685875778202352,16.22218105650838,12.233053932002717,9.43739062311709,10.706555004957282,0.5599237045671294,0.03348499562909999,0.6671962712139179,0.2098366529698556,16.787034647737293,12.660072189056095,9.780226108283161,11.043213931750236,0.5642698842649594,0.04294068346079681,0.038212839544948404,0.0376278919629627,0.03791923783510617
0.001,64,"(<class 'keras.src.optimizers.adam.Adam'>, {'beta_1': 0.85, 'beta_2': 0.95, 'epsilon': 1e-08, 'amsgrad': False, 'learning_rate': 0.001})",<class 'keras.src.optimizers.adam.Adam'>,"{'beta_1': 0.85, 'beta_2': 0.95, 'epsilon': 1e-08, 'amsgrad': False, 'learning_rate': 0.001}","(<class '__main__.CustomLossWrapper'>, {'loss_function': <function custom_median_loss_scaled at 0x000001BAFB5578B0>, 'lambda_sign': 2.0})",<class '__main__.CustomLossWrapper'>,"{'loss_function': <function custom_median_loss_scaled at 0x000001BAFB5578B0>, 'lambda_sign': 2.0}","[(<class 'keras.src.metrics.regression_metrics.MeanSquaredError'>, {}), (<class 'keras.src.metrics.regression_metrics.MeanAbsoluteError'>, {}), (<class 'keras.src.metrics.regression_metrics.MeanAbsolutePercentageError'>, {}), (<class 'keras.src.metrics.regression_metrics.RootMeanSquaredError'>, {}), (<class 'keras.src.metrics.regression_metrics.CosineSimilarity'>, {}), (<class 'keras.src.metrics.regression_metrics.LogCoshError'>, {}), (<class 'tensorflow_addons.metrics.r_square.RSquare'>, {})]",200,"[{'nodes': 128, 'activation': 'softplus', 'l2_reg': 0.0001, 'l1_reg': 0.001}]",0.99,True,PCA(n_components=0.99),1,True,"{'enabled': False, 'contamination': 0.05, 'remove_outliers': True}",False,True,"{'method': <function cosine_annealing_50 at 0x000001BAC637EB80>, 'description': 'Cosine Annealing with 50 epochs cycle'}",True,0.9,val_mean_absolute_error,<keras.src.engine.sequential.Sequential object at 0x000001BD281C5D60>,StandardScaler(),,"[1.06213846e+01 3.11589203e+02 1.32619085e+01 3.07183411e+02
 1.76518898e+01 1.13897227e-01 1.25915031e+01 7.67302513e-03]",[0. 0. 0. 0. 0. 0. 0. 0.],13.261914316228621,10.177149154428657,0.5569486138089352,1.1234979726888539,0.5637923555400217,16.229196930014837,12.22060657597227,9.355310747424033,10.737812854956651,0.5614072268729469,0.04189107253979955,0.7930483663725751,0.31171331587163476,16.79802339978219,12.64390634751371,9.737061996487341,11.08668299233097,0.570179758680128,0.047164575104706945,0.044527823822253246,0.044371686451757125,0.04444968657954859
0.001,64,"(<class 'keras.src.optimizers.adam.Adam'>, {'beta_1': 0.85, 'beta_2': 0.95, 'epsilon': 1e-08, 'amsgrad': False, 'learning_rate': 0.001})",<class 'keras.src.optimizers.adam.Adam'>,"{'beta_1': 0.85, 'beta_2': 0.95, 'epsilon': 1e-08, 'amsgrad': False, 'learning_rate': 0.001}","(<class '__main__.CustomLossWrapper'>, {'loss_function': <function custom_median_loss_scaled at 0x000001BAFB5578B0>, 'lambda_sign': 2.0})",<class '__main__.CustomLossWrapper'>,"{'loss_function': <function custom_median_loss_scaled at 0x000001BAFB5578B0>, 'lambda_sign': 2.0}","[(<class 'keras.src.metrics.regression_metrics.MeanSquaredError'>, {}), (<class 'keras.src.metrics.regression_metrics.MeanAbsoluteError'>, {}), (<class 'keras.src.metrics.regression_metrics.MeanAbsolutePercentageError'>, {}), (<class 'keras.src.metrics.regression_metrics.RootMeanSquaredError'>, {}), (<class 'keras.src.metrics.regression_metrics.CosineSimilarity'>, {}), (<class 'keras.src.metrics.regression_metrics.LogCoshError'>, {}), (<class 'tensorflow_addons.metrics.r_square.RSquare'>, {})]",200,"[{'nodes': 128, 'activation': 'softplus', 'l2_reg': 0.0001, 'l1_reg': 0.001}]",0.99,True,PCA(n_components=0.99),1,True,"{'enabled': True, 'contamination': 0.05, 'remove_outliers': True}",False,True,"{'method': <function cosine_annealing_50 at 0x000001BAC637EB80>, 'description': 'Cosine Annealing with 50 epochs cycle'}",True,0.9,val_mean_absolute_error,<keras.src.engine.sequential.Sequential object at 0x000001BD26A16CA0>,StandardScaler(),IsolationForest(contamination=0.05),"[1.06381979e+01 3.11711517e+02 1.32607841e+01 2.53957153e+02
 1.76553535e+01 1.09659195e-01 1.25906954e+01 7.28350878e-03]",[0. 0. 0. 0. 0. 0. 0. 0.],13.260784206799423,10.210904960024422,0.5548295956206958,1.387551084456975,0.8500563849604501,16.22954868148754,12.241980940215456,9.390161060880668,10.744869721528726,0.5578043869873901,0.0383219343947323,1.123800724849156,0.622171677699054,16.798574532608615,12.658937969590392,9.768619047719039,11.098952507329585,0.5675941886234918,0.04407651051914261,0.041199222456937454,0.04099827724246013,0.041098627038665306
0.001,64,"(<class 'keras.src.optimizers.adam.Adam'>, {'beta_1': 0.85, 'beta_2': 0.95, 'epsilon': 1e-08, 'amsgrad': False, 'learning_rate': 0.001})",<class 'keras.src.optimizers.adam.Adam'>,"{'beta_1': 0.85, 'beta_2': 0.95, 'epsilon': 1e-08, 'amsgrad': False, 'learning_rate': 0.001}","(<class '__main__.CustomLossWrapper'>, {'loss_function': <function custom_median_loss_scaled at 0x000001BAFB5578B0>, 'lambda_sign': 2.0})",<class '__main__.CustomLossWrapper'>,"{'loss_function': <function custom_median_loss_scaled at 0x000001BAFB5578B0>, 'lambda_sign': 2.0}","[(<class 'keras.src.metrics.regression_metrics.MeanSquaredError'>, {}), (<class 'keras.src.metrics.regression_metrics.MeanAbsoluteError'>, {}), (<class 'keras.src.metrics.regression_metrics.MeanAbsolutePercentageError'>, {}), (<class 'keras.src.metrics.regression_metrics.RootMeanSquaredError'>, {}), (<class 'keras.src.metrics.regression_metrics.CosineSimilarity'>, {}), (<class 'keras.src.metrics.regression_metrics.LogCoshError'>, {}), (<class 'tensorflow_addons.metrics.r_square.RSquare'>, {})]",200,"[{'nodes': 128, 'activation': 'softplus', 'l2_reg': 0.0001, 'l1_reg': 0.001}]",0.99,True,PCA(n_components=0.99),1,True,"{'enabled': True, 'contamination': 0.05, 'remove_outliers': False}",False,True,"{'method': <function cosine_annealing_50 at 0x000001BAC637EB80>, 'description': 'Cosine Annealing with 50 epochs cycle'}",True,0.9,val_mean_absolute_error,<keras.src.engine.sequential.Sequential object at 0x000001BD2BE84D90>,StandardScaler(),IsolationForest(contamination=0.05),"[1.05907087e+01 3.10945068e+02 1.32511950e+01 1.91212387e+02
 1.76336346e+01 1.20607451e-01 1.25813398e+01 9.72437859e-03]",[0. 0. 0. 0. 0. 0. 0. 0.],13.251192360453006,10.153374991468942,0.5603037259403143,1.5479277599438779,1.0494228344183374,16.20753765633422,12.233472782369308,9.377582600410534,10.743244349649713,0.5603475680830773,0.039610136956411975,1.0808387576149168,0.6152176358238821,16.762369307908205,12.645269450288465,9.752544012524684,11.055444431231223,0.5723959615858163,0.0456495582203019,0.04262984758835694,0.0424159445880757,0.042522761588422976
0.001,64,"(<class 'keras.src.optimizers.adam.Adam'>, {'beta_1': 0.85, 'beta_2': 0.95, 'epsilon': 1e-08, 'amsgrad': False, 'learning_rate': 0.001})",<class 'keras.src.optimizers.adam.Adam'>,"{'beta_1': 0.85, 'beta_2': 0.95, 'epsilon': 1e-08, 'amsgrad': False, 'learning_rate': 0.001}","(<class '__main__.CustomLossWrapper'>, {'loss_function': <function custom_median_loss_scaled at 0x000001BAFB5578B0>, 'lambda_sign': 2.0})",<class '__main__.CustomLossWrapper'>,"{'loss_function': <function custom_median_loss_scaled at 0x000001BAFB5578B0>, 'lambda_sign': 2.0}","[(<class 'keras.src.metrics.regression_metrics.MeanSquaredError'>, {}), (<class 'keras.src.metrics.regression_metrics.MeanAbsoluteError'>, {}), (<class 'keras.src.metrics.regression_metrics.MeanAbsolutePercentageError'>, {}), (<class 'keras.src.metrics.regression_metrics.RootMeanSquaredError'>, {}), (<class 'keras.src.metrics.regression_metrics.CosineSimilarity'>, {}), (<class 'keras.src.metrics.regression_metrics.LogCoshError'>, {}), (<class 'tensorflow_addons.metrics.r_square.RSquare'>, {})]",200,"[{'nodes': 128, 'activation': 'softplus', 'l2_reg': 0.0001, 'l1_reg': 0.001}]",0.99,True,PCA(n_components=0.99),1,True,"{'enabled': True, 'contamination': 0.02, 'remove_outliers': True}",False,True,"{'method': <function cosine_annealing_50 at 0x000001BAC637EB80>, 'description': 'Cosine Annealing with 50 epochs cycle'}",True,0.9,val_mean_absolute_error,<keras.src.engine.sequential.Sequential object at 0x000001BD33F822E0>,StandardScaler(),IsolationForest(contamination=0.02),"[1.06270533e+01 3.11347565e+02 1.32678585e+01 1.97394714e+02
 1.76450443e+01 1.14956737e-01 1.25969973e+01 8.44258070e-03]",[0. 0. 0. 0. 0. 0. 0. 0.],13.26785953754271,10.182726839862784,0.5574783683559951,1.0152764222339588,0.4562457586598748,16.232565529745983,12.214427501601529,9.31751664221551,10.739157190461338,0.5632439687753876,0.04576169432706901,0.5474475653313483,-0.006075102652394082,16.80180161635831,12.646549412629641,9.747860295888962,11.074536885171808,0.5723959615858163,0.04610789063436034,0.04593479248071468,0.04593414018712244,0.045934466332760694
0.001,64,"(<class 'keras.src.optimizers.adam.Adam'>, {'beta_1': 0.85, 'beta_2': 0.95, 'epsilon': 1e-08, 'amsgrad': False, 'learning_rate': 0.001})",<class 'keras.src.optimizers.adam.Adam'>,"{'beta_1': 0.85, 'beta_2': 0.95, 'epsilon': 1e-08, 'amsgrad': False, 'learning_rate': 0.001}","(<class '__main__.CustomLossWrapper'>, {'loss_function': <function custom_median_loss_scaled at 0x000001BAFB5578B0>, 'lambda_sign': 1.0})",<class '__main__.CustomLossWrapper'>,"{'loss_function': <function custom_median_loss_scaled at 0x000001BAFB5578B0>, 'lambda_sign': 1.0}","[(<class 'keras.src.metrics.regression_metrics.MeanSquaredError'>, {}), (<class 'keras.src.metrics.regression_metrics.MeanAbsoluteError'>, {}), (<class 'keras.src.metrics.regression_metrics.MeanAbsolutePercentageError'>, {}), (<class 'keras.src.metrics.regression_metrics.RootMeanSquaredError'>, {}), (<class 'keras.src.metrics.regression_metrics.CosineSimilarity'>, {}), (<class 'keras.src.metrics.regression_metrics.LogCoshError'>, {}), (<class 'tensorflow_addons.metrics.r_square.RSquare'>, {})]",200,"[{'nodes': 128, 'activation': 'softplus', 'l2_reg': 0.0001, 'l1_reg': 0.001}]",0.99,True,PCA(n_components=0.99),1,True,"{'enabled': False, 'contamination': 0.05, 'remove_outliers': True}",False,True,"{'method': <function cosine_annealing_50 at 0x000001BAC637EB80>, 'description': 'Cosine Annealing with 50 epochs cycle'}",True,0.9,val_mean_absolute_error,<keras.src.engine.sequential.Sequential object at 0x000001BD333857C0>,StandardScaler(),,"[1.05003405e+01 3.10724915e+02 1.32366924e+01 2.17220383e+02
 1.76273918e+01 1.29083529e-01 1.25657444e+01 1.04255080e-02]",[0. 0. 0. 0. 0. 0. 0. 0.],13.236698034449605,10.146243296040357,0.5645417623167932,1.6062134906334873,1.0253374620423097,16.215120408571853,12.227008760181986,9.30111857262435,10.770567243237219,0.563173324856063,0.04744107594170219,1.2100198214913445,0.7316990979146161,16.75831412654676,12.628656369115975,9.667257022671865,11.081643406755015,0.5721497168185176,0.05399544995271225,0.050718262947207216,0.05050650580007799,0.05061227362718456
0.001,64,"(<class 'keras.src.optimizers.adam.Adam'>, {'beta_1': 0.85, 'beta_2': 0.95, 'epsilon': 1e-08, 'amsgrad': False, 'learning_rate': 0.001})",<class 'keras.src.optimizers.adam.Adam'>,"{'beta_1': 0.85, 'beta_2': 0.95, 'epsilon': 1e-08, 'amsgrad': False, 'learning_rate': 0.001}","(<class '__main__.CustomLossWrapper'>, {'loss_function': <function custom_median_loss_scaled at 0x000001BAFB5578B0>, 'lambda_sign': 1.0})",<class '__main__.CustomLossWrapper'>,"{'loss_function': <function custom_median_loss_scaled at 0x000001BAFB5578B0>, 'lambda_sign': 1.0}","[(<class 'keras.src.metrics.regression_metrics.MeanSquaredError'>, {}), (<class 'keras.src.metrics.regression_metrics.MeanAbsoluteError'>, {}), (<class 'keras.src.metrics.regression_metrics.MeanAbsolutePercentageError'>, {}), (<class 'keras.src.metrics.regression_metrics.RootMeanSquaredError'>, {}), (<class 'keras.src.metrics.regression_metrics.CosineSimilarity'>, {}), (<class 'keras.src.metrics.regression_metrics.LogCoshError'>, {}), (<class 'tensorflow_addons.metrics.r_square.RSquare'>, {})]",200,"[{'nodes': 128, 'activation': 'softplus', 'l2_reg': 0.0001, 'l1_reg': 0.001}]",0.99,True,PCA(n_components=0.99),1,True,"{'enabled': True, 'contamination': 0.05, 'remove_outliers': True}",False,True,"{'method': <function cosine_annealing_50 at 0x000001BAC637EB80>, 'description': 'Cosine Annealing with 50 epochs cycle'}",True,0.9,val_mean_absolute_error,<keras.src.engine.sequential.Sequential object at 0x000001BD32BEEFD0>,StandardScaler(),IsolationForest(contamination=0.05),"[1.05059242e+01 3.11467224e+02 1.32564001e+01 2.69876495e+02
 1.76484337e+01 1.20607451e-01 1.25867872e+01 8.06152821e-03]",[0. 0. 0. 0. 0. 0. 0. 0.],13.256398152257821,10.16673133739086,0.5603037259403143,1.1484552681969145,0.6109789162410015,16.22959094588064,12.221708902773022,9.36913892695546,10.739793928452665,0.5612659390342977,0.04047488203397054,0.7685305692643509,0.1701584657756987,16.791984702592956,12.649771075567582,9.767963530441925,11.069103391379649,0.5678404333907905,0.0441406571871509,0.04230776961056072,0.042228363938757583,0.042268048128011146
0.001,64,"(<class 'keras.src.optimizers.adam.Adam'>, {'beta_1': 0.85, 'beta_2': 0.95, 'epsilon': 1e-08, 'amsgrad': False, 'learning_rate': 0.001})",<class 'keras.src.optimizers.adam.Adam'>,"{'beta_1': 0.85, 'beta_2': 0.95, 'epsilon': 1e-08, 'amsgrad': False, 'learning_rate': 0.001}","(<class '__main__.CustomLossWrapper'>, {'loss_function': <function custom_median_loss_scaled at 0x000001BAFB5578B0>, 'lambda_sign': 1.0})",<class '__main__.CustomLossWrapper'>,"{'loss_function': <function custom_median_loss_scaled at 0x000001BAFB5578B0>, 'lambda_sign': 1.0}","[(<class 'keras.src.metrics.regression_metrics.MeanSquaredError'>, {}), (<class 'keras.src.metrics.regression_metrics.MeanAbsoluteError'>, {}), (<class 'keras.src.metrics.regression_metrics.MeanAbsolutePercentageError'>, {}), (<class 'keras.src.metrics.regression_metrics.RootMeanSquaredError'>, {}), (<class 'keras.src.metrics.regression_metrics.CosineSimilarity'>, {}), (<class 'keras.src.metrics.regression_metrics.LogCoshError'>, {}), (<class 'tensorflow_addons.metrics.r_square.RSquare'>, {})]",200,"[{'nodes': 128, 'activation': 'softplus', 'l2_reg': 0.0001, 'l1_reg': 0.001}]",0.99,True,PCA(n_components=0.99),1,True,"{'enabled': True, 'contamination': 0.05, 'remove_outliers': False}",False,True,"{'method': <function cosine_annealing_50 at 0x000001BAC637EB80>, 'description': 'Cosine Annealing with 50 epochs cycle'}",True,0.9,val_mean_absolute_error,<keras.src.engine.sequential.Sequential object at 0x000001BD3431BFD0>,StandardScaler(),IsolationForest(contamination=0.05),"[1.05785379e+01 3.11788452e+02 1.32654610e+01 2.05209900e+02
 1.76575317e+01 1.15663074e-01 1.25963078e+01 7.03847408e-03]",[0. 0. 0. 0. 0. 0. 0. 0.],13.265458187014092,10.215127902192204,0.557831538054035,1.2010036584838075,0.645471794411165,16.231926940428668,12.23732835397863,9.3894176223102,10.731282214458798,0.5614072268729469,0.03839807244622145,0.8767718076042738,0.25077837703684563,16.827937524985124,12.68200636575671,9.804384779190247,11.094828287532346,0.5639005171140113,0.040576598948757835,0.03948733569748964,0.03945728823012813,0.03947230910468345
0.001,64,"(<class 'keras.src.optimizers.adam.Adam'>, {'beta_1': 0.85, 'beta_2': 0.95, 'epsilon': 1e-08, 'amsgrad': False, 'learning_rate': 0.001})",<class 'keras.src.optimizers.adam.Adam'>,"{'beta_1': 0.85, 'beta_2': 0.95, 'epsilon': 1e-08, 'amsgrad': False, 'learning_rate': 0.001}","(<class '__main__.CustomLossWrapper'>, {'loss_function': <function custom_median_loss_scaled at 0x000001BAFB5578B0>, 'lambda_sign': 1.0})",<class '__main__.CustomLossWrapper'>,"{'loss_function': <function custom_median_loss_scaled at 0x000001BAFB5578B0>, 'lambda_sign': 1.0}","[(<class 'keras.src.metrics.regression_metrics.MeanSquaredError'>, {}), (<class 'keras.src.metrics.regression_metrics.MeanAbsoluteError'>, {}), (<class 'keras.src.metrics.regression_metrics.MeanAbsolutePercentageError'>, {}), (<class 'keras.src.metrics.regression_metrics.RootMeanSquaredError'>, {}), (<class 'keras.src.metrics.regression_metrics.CosineSimilarity'>, {}), (<class 'keras.src.metrics.regression_metrics.LogCoshError'>, {}), (<class 'tensorflow_addons.metrics.r_square.RSquare'>, {})]",200,"[{'nodes': 128, 'activation': 'softplus', 'l2_reg': 0.0001, 'l1_reg': 0.001}]",0.99,True,PCA(n_components=0.99),1,True,"{'enabled': True, 'contamination': 0.02, 'remove_outliers': True}",False,True,"{'method': <function cosine_annealing_50 at 0x000001BAC637EB80>, 'description': 'Cosine Annealing with 50 epochs cycle'}",True,0.9,val_mean_absolute_error,<keras.src.engine.sequential.Sequential object at 0x000001BD3C4BA520>,StandardScaler(),IsolationForest(contamination=0.02),"[1.05886812e+01 3.11705719e+02 1.32688665e+01 2.61744720e+02
 1.76551895e+01 1.15663074e-01 1.26000080e+01 7.30192661e-03]",[0. 0. 0. 0. 0. 0. 0. 0.],13.268866547903801,10.205799658543048,0.557831538054035,1.026317077247143,0.5593306960735038,16.220089819283583,12.232195687639415,9.42882252777076,10.70106448270606,0.5592172653738829,0.034362483172195014,0.7068053507423958,0.254668675271855,16.766799754511393,12.64148149564217,9.762353763508056,11.036234714568813,0.5689485348436346,0.04468960970095075,0.039526046436572884,0.03885149413526904,0.039187318884058436
0.001,64,"(<class 'keras.src.optimizers.adam.Adam'>, {'beta_1': 0.99, 'beta_2': 0.9995, 'epsilon': 1e-06, 'amsgrad': False, 'learning_rate': 0.001})",<class 'keras.src.optimizers.adam.Adam'>,"{'beta_1': 0.99, 'beta_2': 0.9995, 'epsilon': 1e-06, 'amsgrad': False, 'learning_rate': 0.001}","(<class '__main__.CustomLossWrapper'>, {'loss_function': <function custom_median_loss_scaled at 0x000001BAFB5578B0>, 'lambda_sign': 2.0})",<class '__main__.CustomLossWrapper'>,"{'loss_function': <function custom_median_loss_scaled at 0x000001BAFB5578B0>, 'lambda_sign': 2.0}","[(<class 'keras.src.metrics.regression_metrics.MeanSquaredError'>, {}), (<class 'keras.src.metrics.regression_metrics.MeanAbsoluteError'>, {}), (<class 'keras.src.metrics.regression_metrics.MeanAbsolutePercentageError'>, {}), (<class 'keras.src.metrics.regression_metrics.RootMeanSquaredError'>, {}), (<class 'keras.src.metrics.regression_metrics.CosineSimilarity'>, {}), (<class 'keras.src.metrics.regression_metrics.LogCoshError'>, {}), (<class 'tensorflow_addons.metrics.r_square.RSquare'>, {})]",200,"[{'nodes': 128, 'activation': 'softplus', 'l2_reg': 0.0001, 'l1_reg': 0.001}]",0.99,True,PCA(n_components=0.99),1,True,"{'enabled': True, 'contamination': 0.05, 'remove_outliers': False}",False,True,"{'method': <function exponential_decay_95 at 0x000001BA228B0820>, 'description': 'Exponential Decay 5%'}",True,0.9,val_root_mean_squared_error,<keras.src.engine.sequential.Sequential object at 0x000001BD3C567670>,StandardScaler(),IsolationForest(contamination=0.05),"[1.06353264e+01 3.10769318e+02 1.32655487e+01 2.06109390e+02
 1.76286507e+01 1.11778207e-01 1.25964661e+01 1.02841258e-02]",[0. 0. 0. 0. 0. 0. 0. 0.],13.265547292758336,10.252633074720904,0.5558891047148155,0.3193382398627992,-0.12910988146358723,16.218778024248518,12.215057237433463,9.389886982591113,10.674167288732399,0.561866412348557,0.0383500036767835,0.010357422489547727,-0.3273781621805376,16.766757331257807,12.637029862296554,9.818639042094262,11.01862380529336,0.5746121644915045,0.03918172576672249,0.038765864721752995,0.03876140356991324,0.0387636340816561
0.001,64,"(<class 'keras.src.optimizers.adam.Adam'>, {'beta_1': 0.99, 'beta_2': 0.9995, 'epsilon': 1e-06, 'amsgrad': False, 'learning_rate': 0.001})",<class 'keras.src.optimizers.adam.Adam'>,"{'beta_1': 0.99, 'beta_2': 0.9995, 'epsilon': 1e-06, 'amsgrad': False, 'learning_rate': 0.001}","(<class '__main__.CustomLossWrapper'>, {'loss_function': <function custom_median_loss_scaled at 0x000001BAFB5578B0>, 'lambda_sign': 2.0})",<class '__main__.CustomLossWrapper'>,"{'loss_function': <function custom_median_loss_scaled at 0x000001BAFB5578B0>, 'lambda_sign': 2.0}","[(<class 'keras.src.metrics.regression_metrics.MeanSquaredError'>, {}), (<class 'keras.src.metrics.regression_metrics.MeanAbsoluteError'>, {}), (<class 'keras.src.metrics.regression_metrics.MeanAbsolutePercentageError'>, {}), (<class 'keras.src.metrics.regression_metrics.RootMeanSquaredError'>, {}), (<class 'keras.src.metrics.regression_metrics.CosineSimilarity'>, {}), (<class 'keras.src.metrics.regression_metrics.LogCoshError'>, {}), (<class 'tensorflow_addons.metrics.r_square.RSquare'>, {})]",200,"[{'nodes': 128, 'activation': 'softplus', 'l2_reg': 0.0001, 'l1_reg': 0.001}]",0.99,True,PCA(n_components=0.99),1,True,"{'enabled': True, 'contamination': 0.05, 'remove_outliers': False}",False,True,"{'method': <function exponential_decay_90 at 0x000001BAABB24F70>, 'description': 'Exponential Decay 10%'}",True,0.9,val_root_mean_squared_error,<keras.src.engine.sequential.Sequential object at 0x000001BD44922AC0>,StandardScaler(),IsolationForest(contamination=0.05),"[1.05971870e+01 3.10375000e+02 1.32526932e+01 1.85073090e+02
 1.76174622e+01 1.21313788e-01 1.25835609e+01 1.15399361e-02]",[0. 0. 0. 0. 0. 0. 0. 0.],13.25269640127769,10.242826310664036,0.5606568956383542,0.633677689454627,0.17844168326690868,16.19395912719649,12.210648622269554,9.374233618853856,10.655546318549003,0.5645155593232313,0.03995311745315675,0.2714310499353667,-0.1717625925567744,16.766448281501752,12.645534781821178,9.824112032666282,11.011731520323563,0.5674710662398424,0.03864615771765184,0.03929963758540429,0.039288771430808604,0.0392942041324998
0.001,64,"(<class 'keras.src.optimizers.adam.Adam'>, {'beta_1': 0.99, 'beta_2': 0.9995, 'epsilon': 1e-06, 'amsgrad': False, 'learning_rate': 0.001})",<class 'keras.src.optimizers.adam.Adam'>,"{'beta_1': 0.99, 'beta_2': 0.9995, 'epsilon': 1e-06, 'amsgrad': False, 'learning_rate': 0.001}","(<class '__main__.CustomLossWrapper'>, {'loss_function': <function custom_median_loss_scaled at 0x000001BAFB5578B0>, 'lambda_sign': 2.0})",<class '__main__.CustomLossWrapper'>,"{'loss_function': <function custom_median_loss_scaled at 0x000001BAFB5578B0>, 'lambda_sign': 2.0}","[(<class 'keras.src.metrics.regression_metrics.MeanSquaredError'>, {}), (<class 'keras.src.metrics.regression_metrics.MeanAbsoluteError'>, {}), (<class 'keras.src.metrics.regression_metrics.MeanAbsolutePercentageError'>, {}), (<class 'keras.src.metrics.regression_metrics.RootMeanSquaredError'>, {}), (<class 'keras.src.metrics.regression_metrics.CosineSimilarity'>, {}), (<class 'keras.src.metrics.regression_metrics.LogCoshError'>, {}), (<class 'tensorflow_addons.metrics.r_square.RSquare'>, {})]",200,"[{'nodes': 128, 'activation': 'softplus', 'l2_reg': 0.0001, 'l1_reg': 0.001}]",0.99,True,PCA(n_components=0.99),1,True,"{'enabled': True, 'contamination': 0.05, 'remove_outliers': False}",False,True,"{'method': <function exponential_decay_85 at 0x000001BAABB24C10>, 'description': 'Exponential Decay 15%'}",True,0.9,val_root_mean_squared_error,<keras.src.engine.sequential.Sequential object at 0x000001BD488ECD60>,StandardScaler(),IsolationForest(contamination=0.05),"[1.06520109e+01 3.11617920e+02 1.32753468e+01 2.18113083e+02
 1.76527023e+01 1.24139152e-01 1.26068478e+01 7.58159161e-03]",[0. 0. 0. 0. 0. 0. 0. 0.],13.275351127579913,10.220413756772217,0.5620695744305139,0.7906725692766992,0.3370301008057852,16.23951921995382,12.257942718830572,9.505961005271292,10.681044070074934,0.5633852566140369,0.026462471516858287,0.4381492113413539,-0.09043981137216883,16.8398841942286,12.707606806402286,9.90577136821496,11.05760112529591,0.5616843142083231,0.03065525576876192,0.028558863642810104,0.028404975869097536,0.028481815823835178
0.001,64,"(<class 'keras.src.optimizers.adam.Adam'>, {'beta_1': 0.99, 'beta_2': 0.9995, 'epsilon': 1e-06, 'amsgrad': False, 'learning_rate': 0.001})",<class 'keras.src.optimizers.adam.Adam'>,"{'beta_1': 0.99, 'beta_2': 0.9995, 'epsilon': 1e-06, 'amsgrad': False, 'learning_rate': 0.001}","(<class '__main__.CustomLossWrapper'>, {'loss_function': <function custom_median_loss_scaled at 0x000001BAFB5578B0>, 'lambda_sign': 2.0})",<class '__main__.CustomLossWrapper'>,"{'loss_function': <function custom_median_loss_scaled at 0x000001BAFB5578B0>, 'lambda_sign': 2.0}","[(<class 'keras.src.metrics.regression_metrics.MeanSquaredError'>, {}), (<class 'keras.src.metrics.regression_metrics.MeanAbsoluteError'>, {}), (<class 'keras.src.metrics.regression_metrics.MeanAbsolutePercentageError'>, {}), (<class 'keras.src.metrics.regression_metrics.RootMeanSquaredError'>, {}), (<class 'keras.src.metrics.regression_metrics.CosineSimilarity'>, {}), (<class 'keras.src.metrics.regression_metrics.LogCoshError'>, {}), (<class 'tensorflow_addons.metrics.r_square.RSquare'>, {})]",200,"[{'nodes': 128, 'activation': 'softplus', 'l2_reg': 0.0001, 'l1_reg': 0.001}]",0.99,True,PCA(n_components=0.99),1,True,"{'enabled': True, 'contamination': 0.05, 'remove_outliers': False}",False,True,"{'method': <function exponential_decay_80 at 0x000001BAABB24D30>, 'description': 'Exponential Decay 20%'}",True,0.9,val_root_mean_squared_error,<keras.src.engine.sequential.Sequential object at 0x000001BD4C52FC70>,StandardScaler(),IsolationForest(contamination=0.05),"[1.06577244e+01 3.12006622e+02 1.32914371e+01 1.94489090e+02
 1.76637096e+01 1.07540175e-01 1.26229372e+01 6.34366274e-03]",[0. 0. 0. 0. 0. 0. 0. 0.],13.291432582325092,10.313893113247335,0.553770086526576,0.6570387972480884,0.2230165228918033,16.24420949420703,12.26772156656312,9.495315715729376,10.667883991242958,0.558016318745364,0.02755269152353383,0.38081169611472104,-0.03694862547118816,16.840265256092913,12.706066233758062,9.932612346628396,11.057828463649606,0.5616843142083231,0.028028689862085194,0.02779069069280951,0.027788652470542855,0.027789671562989608
0.001,64,"(<class 'keras.src.optimizers.adam.Adam'>, {'beta_1': 0.99, 'beta_2': 0.9995, 'epsilon': 1e-06, 'amsgrad': False, 'learning_rate': 0.001})",<class 'keras.src.optimizers.adam.Adam'>,"{'beta_1': 0.99, 'beta_2': 0.9995, 'epsilon': 1e-06, 'amsgrad': False, 'learning_rate': 0.001}","(<class '__main__.CustomLossWrapper'>, {'loss_function': <function custom_median_loss_scaled at 0x000001BAFB5578B0>, 'lambda_sign': 2.0})",<class '__main__.CustomLossWrapper'>,"{'loss_function': <function custom_median_loss_scaled at 0x000001BAFB5578B0>, 'lambda_sign': 2.0}","[(<class 'keras.src.metrics.regression_metrics.MeanSquaredError'>, {}), (<class 'keras.src.metrics.regression_metrics.MeanAbsoluteError'>, {}), (<class 'keras.src.metrics.regression_metrics.MeanAbsolutePercentageError'>, {}), (<class 'keras.src.metrics.regression_metrics.RootMeanSquaredError'>, {}), (<class 'keras.src.metrics.regression_metrics.CosineSimilarity'>, {}), (<class 'keras.src.metrics.regression_metrics.LogCoshError'>, {}), (<class 'tensorflow_addons.metrics.r_square.RSquare'>, {})]",200,"[{'nodes': 128, 'activation': 'softplus', 'l2_reg': 0.0001, 'l1_reg': 0.001}]",0.99,True,PCA(n_components=0.99),1,True,"{'enabled': True, 'contamination': 0.05, 'remove_outliers': False}",False,True,"{'method': <function step_decay_50_10 at 0x000001BAABB248B0>, 'description': 'Step Decay 50% every 10 epochs'}",True,0.9,val_root_mean_squared_error,<keras.src.engine.sequential.Sequential object at 0x000001BD53F8CBE0>,StandardScaler(),IsolationForest(contamination=0.05),"[1.06087284e+01 3.11053009e+02 1.32611303e+01 2.75038025e+02
 1.76366959e+01 1.17075756e-01 1.25915222e+01 9.38063860e-03]",[0. 0. 0. 0. 0. 0. 0. 0.],13.261132192786159,10.205188577013093,0.5585378774501147,0.8371036950880562,0.3449172287785231,16.217662432766176,12.218239234260338,9.390982738058224,10.696854626864075,0.5616191586309208,0.03823778366360638,0.47009662636993044,0.04684383268792208,16.796079043685854,12.658958800741562,9.773083536819634,11.048091177917406,0.5683329229253878,0.043639630958281175,0.040938707310943775,0.040760514372575246,0.04084951367816238
0.001,64,"(<class 'keras.src.optimizers.adam.Adam'>, {'beta_1': 0.99, 'beta_2': 0.9995, 'epsilon': 1e-06, 'amsgrad': False, 'learning_rate': 0.001})",<class 'keras.src.optimizers.adam.Adam'>,"{'beta_1': 0.99, 'beta_2': 0.9995, 'epsilon': 1e-06, 'amsgrad': False, 'learning_rate': 0.001}","(<class '__main__.CustomLossWrapper'>, {'loss_function': <function custom_median_loss_scaled at 0x000001BAFB5578B0>, 'lambda_sign': 2.0})",<class '__main__.CustomLossWrapper'>,"{'loss_function': <function custom_median_loss_scaled at 0x000001BAFB5578B0>, 'lambda_sign': 2.0}","[(<class 'keras.src.metrics.regression_metrics.MeanSquaredError'>, {}), (<class 'keras.src.metrics.regression_metrics.MeanAbsoluteError'>, {}), (<class 'keras.src.metrics.regression_metrics.MeanAbsolutePercentageError'>, {}), (<class 'keras.src.metrics.regression_metrics.RootMeanSquaredError'>, {}), (<class 'keras.src.metrics.regression_metrics.CosineSimilarity'>, {}), (<class 'keras.src.metrics.regression_metrics.LogCoshError'>, {}), (<class 'tensorflow_addons.metrics.r_square.RSquare'>, {})]",200,"[{'nodes': 128, 'activation': 'softplus', 'l2_reg': 0.0001, 'l1_reg': 0.001}]",0.99,True,PCA(n_components=0.99),1,True,"{'enabled': True, 'contamination': 0.05, 'remove_outliers': False}",False,True,"{'method': <function step_decay_30_10 at 0x000001BAABB249D0>, 'description': 'Step Decay 30% every 10 epochs'}",True,0.9,val_root_mean_squared_error,<keras.src.engine.sequential.Sequential object at 0x000001BD5406FA90>,StandardScaler(),IsolationForest(contamination=0.05),"[1.06587620e+01 3.11851532e+02 1.32990952e+01 1.87774506e+02
 1.76593189e+01 1.20254286e-01 1.26299715e+01 6.83754683e-03]",[0. 0. 0. 0. 0. 0. 0. 0.],13.299096432339974,10.213952951975182,0.5601271410912944,0.6457501923586797,0.22401441681849898,16.261909664247966,12.292407646166371,9.501892262367312,10.6657437985549,0.5570626258344813,0.026879165200808575,0.2683181259711655,-0.11526115414518526,16.84502441539024,12.725441283163365,9.987045168372026,11.039477101702037,0.5592218665353361,0.022702080988376488,0.024790623094592533,0.02461466914164857,0.02470248945528987
0.001,64,"(<class 'keras.src.optimizers.adam.Adam'>, {'beta_1': 0.99, 'beta_2': 0.9995, 'epsilon': 1e-06, 'amsgrad': False, 'learning_rate': 0.001})",<class 'keras.src.optimizers.adam.Adam'>,"{'beta_1': 0.99, 'beta_2': 0.9995, 'epsilon': 1e-06, 'amsgrad': False, 'learning_rate': 0.001}","(<class '__main__.CustomLossWrapper'>, {'loss_function': <function custom_median_loss_scaled at 0x000001BAFB5578B0>, 'lambda_sign': 2.0})",<class '__main__.CustomLossWrapper'>,"{'loss_function': <function custom_median_loss_scaled at 0x000001BAFB5578B0>, 'lambda_sign': 2.0}","[(<class 'keras.src.metrics.regression_metrics.MeanSquaredError'>, {}), (<class 'keras.src.metrics.regression_metrics.MeanAbsoluteError'>, {}), (<class 'keras.src.metrics.regression_metrics.MeanAbsolutePercentageError'>, {}), (<class 'keras.src.metrics.regression_metrics.RootMeanSquaredError'>, {}), (<class 'keras.src.metrics.regression_metrics.CosineSimilarity'>, {}), (<class 'keras.src.metrics.regression_metrics.LogCoshError'>, {}), (<class 'tensorflow_addons.metrics.r_square.RSquare'>, {})]",200,"[{'nodes': 128, 'activation': 'softplus', 'l2_reg': 0.0001, 'l1_reg': 0.001}]",0.99,True,PCA(n_components=0.99),1,True,"{'enabled': True, 'contamination': 0.05, 'remove_outliers': False}",False,True,"{'method': <function step_decay_50_5 at 0x000001BAABB24EE0>, 'description': 'Step Decay 50% every 5 epochs'}",True,0.9,val_root_mean_squared_error,<keras.src.engine.sequential.Sequential object at 0x000001BD55B34A60>,StandardScaler(),IsolationForest(contamination=0.05),"[1.06608105e+01 3.11413330e+02 1.32904224e+01 1.47321075e+02
 1.76469078e+01 1.12837717e-01 1.26211672e+01 8.23318958e-03]",[0. 0. 0. 0. 0. 0. 0. 0.],13.29041866550595,10.255110376305083,0.5564188592618753,0.6288078704732959,0.18602469794214826,16.243431518057477,12.26242472109654,9.494191423250665,10.671087540600817,0.5587580798982728,0.027667834108319213,0.29538722712148713,-0.12089811218878015,16.79289227024538,12.6841882041876,9.874953282410564,11.008181199819063,0.5682098005417385,0.033671007737115934,0.030669420922717572,0.030375658499648916,0.030522186296699918
0.001,64,"(<class 'keras.src.optimizers.adam.Adam'>, {'beta_1': 0.99, 'beta_2': 0.9995, 'epsilon': 1e-06, 'amsgrad': False, 'learning_rate': 0.001})",<class 'keras.src.optimizers.adam.Adam'>,"{'beta_1': 0.99, 'beta_2': 0.9995, 'epsilon': 1e-06, 'amsgrad': False, 'learning_rate': 0.001}","(<class '__main__.CustomLossWrapper'>, {'loss_function': <function custom_median_loss_scaled at 0x000001BAFB5578B0>, 'lambda_sign': 2.0})",<class '__main__.CustomLossWrapper'>,"{'loss_function': <function custom_median_loss_scaled at 0x000001BAFB5578B0>, 'lambda_sign': 2.0}","[(<class 'keras.src.metrics.regression_metrics.MeanSquaredError'>, {}), (<class 'keras.src.metrics.regression_metrics.MeanAbsoluteError'>, {}), (<class 'keras.src.metrics.regression_metrics.MeanAbsolutePercentageError'>, {}), (<class 'keras.src.metrics.regression_metrics.RootMeanSquaredError'>, {}), (<class 'keras.src.metrics.regression_metrics.CosineSimilarity'>, {}), (<class 'keras.src.metrics.regression_metrics.LogCoshError'>, {}), (<class 'tensorflow_addons.metrics.r_square.RSquare'>, {})]",200,"[{'nodes': 128, 'activation': 'softplus', 'l2_reg': 0.0001, 'l1_reg': 0.001}]",0.99,True,PCA(n_components=0.99),1,True,"{'enabled': True, 'contamination': 0.05, 'remove_outliers': False}",False,True,"{'method': <function step_decay_70_10 at 0x000001BAABB24820>, 'description': 'Step Decay 70% every 10 epochs'}",True,0.9,val_root_mean_squared_error,<keras.src.engine.sequential.Sequential object at 0x000001BD5A8C9B50>,StandardScaler(),IsolationForest(contamination=0.05),"[1.05944118e+01 3.09673615e+02 1.32286253e+01 1.72156143e+02
 1.75975456e+01 1.22020133e-01 1.25591230e+01 1.37736201e-02]",[0. 0. 0. 0. 0. 0. 0. 0.],13.228625007340153,10.185035232910858,0.5610100653363942,0.9779346944122647,0.507136844212269,16.181207625513935,12.205233526780649,9.37062552789866,10.66840582312987,0.5623609197838296,0.040322634217334015,0.5910096730683592,0.13979755156788043,16.73393618036411,12.622437891447618,9.831228197717353,11.001290751765312,0.5717803496675695,0.03794979426094296,0.03913621423913849,0.03910024774641487,0.03911822685919039
0.001,64,"(<class 'keras.src.optimizers.adam.Adam'>, {'beta_1': 0.99, 'beta_2': 0.9995, 'epsilon': 1e-06, 'amsgrad': False, 'learning_rate': 0.001})",<class 'keras.src.optimizers.adam.Adam'>,"{'beta_1': 0.99, 'beta_2': 0.9995, 'epsilon': 1e-06, 'amsgrad': False, 'learning_rate': 0.001}","(<class '__main__.CustomLossWrapper'>, {'loss_function': <function custom_median_loss_scaled at 0x000001BAFB5578B0>, 'lambda_sign': 2.0})",<class '__main__.CustomLossWrapper'>,"{'loss_function': <function custom_median_loss_scaled at 0x000001BAFB5578B0>, 'lambda_sign': 2.0}","[(<class 'keras.src.metrics.regression_metrics.MeanSquaredError'>, {}), (<class 'keras.src.metrics.regression_metrics.MeanAbsoluteError'>, {}), (<class 'keras.src.metrics.regression_metrics.MeanAbsolutePercentageError'>, {}), (<class 'keras.src.metrics.regression_metrics.RootMeanSquaredError'>, {}), (<class 'keras.src.metrics.regression_metrics.CosineSimilarity'>, {}), (<class 'keras.src.metrics.regression_metrics.LogCoshError'>, {}), (<class 'tensorflow_addons.metrics.r_square.RSquare'>, {})]",200,"[{'nodes': 128, 'activation': 'softplus', 'l2_reg': 0.0001, 'l1_reg': 0.001}]",0.99,True,PCA(n_components=0.99),1,True,"{'enabled': True, 'contamination': 0.05, 'remove_outliers': False}",False,True,"{'method': <function time_based_decay_1e4 at 0x000001BAABB24E50>, 'description': 'Time-Based Decay 1e-4'}",True,0.9,val_root_mean_squared_error,<keras.src.engine.sequential.Sequential object at 0x000001BD3BCDD9A0>,StandardScaler(),IsolationForest(contamination=0.05),"[1.06545153e+01 3.09478973e+02 1.32587385e+01 1.62580948e+02
 1.75920143e+01 1.19194776e-01 1.25891542e+01 1.43935084e-02]",[0. 0. 0. 0. 0. 0. 0. 0.],13.258737635987714,10.259614380163095,0.5595973865442345,0.15717624328588478,-0.2869926771480489,16.19672263598983,12.216880682996841,9.435932730668176,10.634899327366394,0.5637737981703225,0.03363430331200783,-0.3017813702166466,-0.7177158305309266,16.760878549407522,12.654622805889522,9.870227908529461,10.99358610355497,0.5616843142083231,0.0341334165860494,0.033883859949028615,0.03388202194960427,0.033882940936853526
0.001,64,"(<class 'keras.src.optimizers.adam.Adam'>, {'beta_1': 0.99, 'beta_2': 0.9995, 'epsilon': 1e-06, 'amsgrad': False, 'learning_rate': 0.001})",<class 'keras.src.optimizers.adam.Adam'>,"{'beta_1': 0.99, 'beta_2': 0.9995, 'epsilon': 1e-06, 'amsgrad': False, 'learning_rate': 0.001}","(<class '__main__.CustomLossWrapper'>, {'loss_function': <function custom_median_loss_scaled at 0x000001BAFB5578B0>, 'lambda_sign': 2.0})",<class '__main__.CustomLossWrapper'>,"{'loss_function': <function custom_median_loss_scaled at 0x000001BAFB5578B0>, 'lambda_sign': 2.0}","[(<class 'keras.src.metrics.regression_metrics.MeanSquaredError'>, {}), (<class 'keras.src.metrics.regression_metrics.MeanAbsoluteError'>, {}), (<class 'keras.src.metrics.regression_metrics.MeanAbsolutePercentageError'>, {}), (<class 'keras.src.metrics.regression_metrics.RootMeanSquaredError'>, {}), (<class 'keras.src.metrics.regression_metrics.CosineSimilarity'>, {}), (<class 'keras.src.metrics.regression_metrics.LogCoshError'>, {}), (<class 'tensorflow_addons.metrics.r_square.RSquare'>, {})]",200,"[{'nodes': 128, 'activation': 'softplus', 'l2_reg': 0.0001, 'l1_reg': 0.001}]",0.99,True,PCA(n_components=0.99),1,True,"{'enabled': True, 'contamination': 0.05, 'remove_outliers': False}",False,True,"{'method': <function time_based_decay_1e5 at 0x000001BAABB24DC0>, 'description': 'Time-Based Decay 1e-5'}",True,0.9,val_root_mean_squared_error,<keras.src.engine.sequential.Sequential object at 0x000001BACE305760>,StandardScaler(),IsolationForest(contamination=0.05),"[1.06336365e+01 3.10879395e+02 1.32720451e+01 2.68509613e+02
 1.76317730e+01 1.01183116e-01 1.26018772e+01 9.93359089e-03]",[0. 0. 0. 0. 0. 0. 0. 0.],13.27204228860636,10.243506322213289,0.5505915592442169,0.052527759689345234,-0.39813556040215836,16.219192704888414,12.211718227043061,9.387138016712537,10.673970282598667,0.5608067535586875,0.0386315345441865,-0.22371264178135197,-0.6393359279932069,16.76712571617256,12.639116407556667,9.760433672667224,11.019057302744613,0.5683329229253878,0.04487750319211077,0.041754518868148634,0.04152093861499062,0.04163756494828759
0.001,64,"(<class 'keras.src.optimizers.adam.Adam'>, {'beta_1': 0.99, 'beta_2': 0.9995, 'epsilon': 1e-06, 'amsgrad': False, 'learning_rate': 0.001})",<class 'keras.src.optimizers.adam.Adam'>,"{'beta_1': 0.99, 'beta_2': 0.9995, 'epsilon': 1e-06, 'amsgrad': False, 'learning_rate': 0.001}","(<class '__main__.CustomLossWrapper'>, {'loss_function': <function custom_median_loss_scaled at 0x000001BAFB5578B0>, 'lambda_sign': 2.0})",<class '__main__.CustomLossWrapper'>,"{'loss_function': <function custom_median_loss_scaled at 0x000001BAFB5578B0>, 'lambda_sign': 2.0}","[(<class 'keras.src.metrics.regression_metrics.MeanSquaredError'>, {}), (<class 'keras.src.metrics.regression_metrics.MeanAbsoluteError'>, {}), (<class 'keras.src.metrics.regression_metrics.MeanAbsolutePercentageError'>, {}), (<class 'keras.src.metrics.regression_metrics.RootMeanSquaredError'>, {}), (<class 'keras.src.metrics.regression_metrics.CosineSimilarity'>, {}), (<class 'keras.src.metrics.regression_metrics.LogCoshError'>, {}), (<class 'tensorflow_addons.metrics.r_square.RSquare'>, {})]",200,"[{'nodes': 128, 'activation': 'softplus', 'l2_reg': 0.0001, 'l1_reg': 0.001}]",0.99,True,PCA(n_components=0.99),1,True,"{'enabled': True, 'contamination': 0.05, 'remove_outliers': False}",False,True,"{'method': <function time_based_decay_5e4 at 0x000001BAC637ED30>, 'description': 'Time-Based Decay 5e-4'}",True,0.9,val_root_mean_squared_error,<keras.src.engine.sequential.Sequential object at 0x000001BCD3999E80>,StandardScaler(),IsolationForest(contamination=0.05),"[1.05695257e+01 3.10193512e+02 1.32631350e+01 1.68647980e+02
 1.76123123e+01 1.09306023e-01 1.25922384e+01 1.21179223e-02]",[0. 0. 0. 0. 0. 0. 0. 0.],13.263133536675907,10.179157323579043,0.5546530107716758,0.42191903253721946,-0.11085743810566573,16.198083112685705,12.201080956588784,9.378741602186551,10.662283223421602,0.563067358977076,0.039491439675421076,0.05734289639240885,-0.38674409435772517,16.763956912998136,12.648886859550881,9.892093553979247,11.000886323281998,0.5671016990888944,0.03199371966512266,0.03574257967027187,0.03534938053725304,0.03554543641802031
0.001,64,"(<class 'keras.src.optimizers.adam.Adam'>, {'beta_1': 0.99, 'beta_2': 0.9995, 'epsilon': 1e-06, 'amsgrad': False, 'learning_rate': 0.001})",<class 'keras.src.optimizers.adam.Adam'>,"{'beta_1': 0.99, 'beta_2': 0.9995, 'epsilon': 1e-06, 'amsgrad': False, 'learning_rate': 0.001}","(<class '__main__.CustomLossWrapper'>, {'loss_function': <function custom_median_loss_scaled at 0x000001BAFB5578B0>, 'lambda_sign': 2.0})",<class '__main__.CustomLossWrapper'>,"{'loss_function': <function custom_median_loss_scaled at 0x000001BAFB5578B0>, 'lambda_sign': 2.0}","[(<class 'keras.src.metrics.regression_metrics.MeanSquaredError'>, {}), (<class 'keras.src.metrics.regression_metrics.MeanAbsoluteError'>, {}), (<class 'keras.src.metrics.regression_metrics.MeanAbsolutePercentageError'>, {}), (<class 'keras.src.metrics.regression_metrics.RootMeanSquaredError'>, {}), (<class 'keras.src.metrics.regression_metrics.CosineSimilarity'>, {}), (<class 'keras.src.metrics.regression_metrics.LogCoshError'>, {}), (<class 'tensorflow_addons.metrics.r_square.RSquare'>, {})]",200,"[{'nodes': 128, 'activation': 'softplus', 'l2_reg': 0.0001, 'l1_reg': 0.001}]",0.99,True,PCA(n_components=0.99),1,True,"{'enabled': True, 'contamination': 0.05, 'remove_outliers': False}",False,True,"{'method': <function time_based_decay_2e4 at 0x000001BAC637ECA0>, 'description': 'Time-Based Decay 2e-4'}",True,0.9,val_root_mean_squared_error,<keras.src.engine.sequential.Sequential object at 0x000001BC612A0250>,StandardScaler(),IsolationForest(contamination=0.05),"[1.05979757e+01 3.09474457e+02 1.32493286e+01 1.83001022e+02
 1.75918865e+01 1.05067983e-01 1.25793514e+01 1.44078732e-02]",[0. 0. 0. 0. 0. 0. 0. 0.],13.249324221349925,10.142523672119314,0.5525339925834364,0.2115291690733882,-0.2900265592095932,16.18318393887938,12.187730585335215,9.352330097075566,10.64866962639555,0.5637737981703225,0.0421963309951951,-0.14244867574569095,-0.615403702066032,16.721912026054238,12.61465773799489,9.817506318577994,10.976950908938804,0.5735040630386604,0.039292570197342426,0.04074445059626876,0.04069271455217103,0.040718574357398604
0.001,64,"(<class 'keras.src.optimizers.adam.Adam'>, {'beta_1': 0.99, 'beta_2': 0.9995, 'epsilon': 1e-06, 'amsgrad': False, 'learning_rate': 0.001})",<class 'keras.src.optimizers.adam.Adam'>,"{'beta_1': 0.99, 'beta_2': 0.9995, 'epsilon': 1e-06, 'amsgrad': False, 'learning_rate': 0.001}","(<class '__main__.CustomLossWrapper'>, {'loss_function': <function custom_median_loss_scaled at 0x000001BAFB5578B0>, 'lambda_sign': 2.0})",<class '__main__.CustomLossWrapper'>,"{'loss_function': <function custom_median_loss_scaled at 0x000001BAFB5578B0>, 'lambda_sign': 2.0}","[(<class 'keras.src.metrics.regression_metrics.MeanSquaredError'>, {}), (<class 'keras.src.metrics.regression_metrics.MeanAbsoluteError'>, {}), (<class 'keras.src.metrics.regression_metrics.MeanAbsolutePercentageError'>, {}), (<class 'keras.src.metrics.regression_metrics.RootMeanSquaredError'>, {}), (<class 'keras.src.metrics.regression_metrics.CosineSimilarity'>, {}), (<class 'keras.src.metrics.regression_metrics.LogCoshError'>, {}), (<class 'tensorflow_addons.metrics.r_square.RSquare'>, {})]",200,"[{'nodes': 128, 'activation': 'softplus', 'l2_reg': 0.0001, 'l1_reg': 0.001}]",0.99,True,PCA(n_components=0.99),1,True,"{'enabled': True, 'contamination': 0.05, 'remove_outliers': False}",False,True,"{'method': <function cosine_annealing_30 at 0x000001BAC637EF70>, 'description': 'Cosine Annealing with 30 epochs cycle'}",True,0.9,val_root_mean_squared_error,<keras.src.engine.sequential.Sequential object at 0x000001BCAC4E1FA0>,StandardScaler(),IsolationForest(contamination=0.05),"[1.06231098e+01 3.10930908e+02 1.32565517e+01 2.21418152e+02
 1.76332321e+01 1.19194776e-01 1.25881557e+01 9.76949930e-03]",[0. 0. 0. 0. 0. 0. 0. 0.],13.256549180748785,10.17470852402669,0.5595973865442345,0.8951207783012475,0.3217556550445443,16.199996436902797,12.220638784575208,9.41633215043653,10.672013233370771,0.563067358977076,0.035641664842837914,0.5810668234926445,0.044369956690786916,16.771324732931813,12.656736725210045,9.844436594508185,11.0182713355928,0.5667323319379464,0.036657265942553065,0.03614946539269549,0.036142332191813134,0.03614589861629191
0.001,64,"(<class 'keras.src.optimizers.adam.Adam'>, {'beta_1': 0.99, 'beta_2': 0.9995, 'epsilon': 1e-06, 'amsgrad': False, 'learning_rate': 0.001})",<class 'keras.src.optimizers.adam.Adam'>,"{'beta_1': 0.99, 'beta_2': 0.9995, 'epsilon': 1e-06, 'amsgrad': False, 'learning_rate': 0.001}","(<class '__main__.CustomLossWrapper'>, {'loss_function': <function custom_median_loss_scaled at 0x000001BAFB5578B0>, 'lambda_sign': 2.0})",<class '__main__.CustomLossWrapper'>,"{'loss_function': <function custom_median_loss_scaled at 0x000001BAFB5578B0>, 'lambda_sign': 2.0}","[(<class 'keras.src.metrics.regression_metrics.MeanSquaredError'>, {}), (<class 'keras.src.metrics.regression_metrics.MeanAbsoluteError'>, {}), (<class 'keras.src.metrics.regression_metrics.MeanAbsolutePercentageError'>, {}), (<class 'keras.src.metrics.regression_metrics.RootMeanSquaredError'>, {}), (<class 'keras.src.metrics.regression_metrics.CosineSimilarity'>, {}), (<class 'keras.src.metrics.regression_metrics.LogCoshError'>, {}), (<class 'tensorflow_addons.metrics.r_square.RSquare'>, {})]",200,"[{'nodes': 128, 'activation': 'softplus', 'l2_reg': 0.0001, 'l1_reg': 0.001}]",0.99,True,PCA(n_components=0.99),1,True,"{'enabled': True, 'contamination': 0.05, 'remove_outliers': False}",False,True,"{'method': <function cosine_annealing_50 at 0x000001BAC637EB80>, 'description': 'Cosine Annealing with 50 epochs cycle'}",True,0.9,val_root_mean_squared_error,<keras.src.engine.sequential.Sequential object at 0x000001BD4B8B69A0>,StandardScaler(),IsolationForest(contamination=0.05),"[1.06402216e+01 3.10891510e+02 1.32617378e+01 2.03763138e+02
 1.76321163e+01 1.18841603e-01 1.25913715e+01 9.89496708e-03]",[0. 0. 0. 0. 0. 0. 0. 0.],13.26173939635584,10.182301237729178,0.5594208016952146,0.627418875949633,0.1417710620534285,16.21128278668344,12.213402695562444,9.387631446838494,10.67833711177704,0.5632439687753876,0.03858100070073431,0.20631913291300746,-0.20736574842975752,16.79323477095656,12.656059626940891,9.840173441413338,11.039009826871164,0.5688254124599852,0.037074443453796964,0.03782772207726563,0.03781272173747738,0.037820221163688016
0.001,64,"(<class 'keras.src.optimizers.adam.Adam'>, {'beta_1': 0.99, 'beta_2': 0.9995, 'epsilon': 1e-06, 'amsgrad': False, 'learning_rate': 0.001})",<class 'keras.src.optimizers.adam.Adam'>,"{'beta_1': 0.99, 'beta_2': 0.9995, 'epsilon': 1e-06, 'amsgrad': False, 'learning_rate': 0.001}","(<class '__main__.CustomLossWrapper'>, {'loss_function': <function custom_median_loss_scaled at 0x000001BAFB5578B0>, 'lambda_sign': 2.0})",<class '__main__.CustomLossWrapper'>,"{'loss_function': <function custom_median_loss_scaled at 0x000001BAFB5578B0>, 'lambda_sign': 2.0}","[(<class 'keras.src.metrics.regression_metrics.MeanSquaredError'>, {}), (<class 'keras.src.metrics.regression_metrics.MeanAbsoluteError'>, {}), (<class 'keras.src.metrics.regression_metrics.MeanAbsolutePercentageError'>, {}), (<class 'keras.src.metrics.regression_metrics.RootMeanSquaredError'>, {}), (<class 'keras.src.metrics.regression_metrics.CosineSimilarity'>, {}), (<class 'keras.src.metrics.regression_metrics.LogCoshError'>, {}), (<class 'tensorflow_addons.metrics.r_square.RSquare'>, {})]",200,"[{'nodes': 128, 'activation': 'softplus', 'l2_reg': 0.0001, 'l1_reg': 0.001}]",0.99,True,PCA(n_components=0.99),1,True,"{'enabled': True, 'contamination': 0.05, 'remove_outliers': False}",False,True,"{'method': <function cosine_annealing_10 at 0x000001BAC637EEE0>, 'description': 'Cosine Annealing with 10 epochs cycle'}",True,0.9,val_root_mean_squared_error,<keras.src.engine.sequential.Sequential object at 0x000001BD3428EF70>,StandardScaler(),IsolationForest(contamination=0.05),"[1.06463413e+01 3.11499390e+02 1.32809505e+01 1.78292816e+02
 1.76493454e+01 1.16722584e-01 1.26106539e+01 7.95900822e-03]",[0. 0. 0. 0. 0. 0. 0. 0.],13.28095024094805,10.236604840986404,0.5583612926010948,0.873236030800255,0.3915685785730598,16.239120505694597,12.258927848424143,9.451347867522351,10.685737339488838,0.5608420755183497,0.03205558715422839,0.5057792808681115,0.04689156352835844,16.82634463912282,12.697844148923407,9.857243580921725,11.05109125620558,0.5653779857178035,0.03540401826421063,0.033729802709219506,0.033646701193662525,0.0336882263272838
0.001,64,"(<class 'keras.src.optimizers.adam.Adam'>, {'beta_1': 0.99, 'beta_2': 0.9995, 'epsilon': 1e-06, 'amsgrad': False, 'learning_rate': 0.001})",<class 'keras.src.optimizers.adam.Adam'>,"{'beta_1': 0.99, 'beta_2': 0.9995, 'epsilon': 1e-06, 'amsgrad': False, 'learning_rate': 0.001}","(<class '__main__.CustomLossWrapper'>, {'loss_function': <function custom_median_loss_scaled at 0x000001BAFB5578B0>, 'lambda_sign': 2.0})",<class '__main__.CustomLossWrapper'>,"{'loss_function': <function custom_median_loss_scaled at 0x000001BAFB5578B0>, 'lambda_sign': 2.0}","[(<class 'keras.src.metrics.regression_metrics.MeanSquaredError'>, {}), (<class 'keras.src.metrics.regression_metrics.MeanAbsoluteError'>, {}), (<class 'keras.src.metrics.regression_metrics.MeanAbsolutePercentageError'>, {}), (<class 'keras.src.metrics.regression_metrics.RootMeanSquaredError'>, {}), (<class 'keras.src.metrics.regression_metrics.CosineSimilarity'>, {}), (<class 'keras.src.metrics.regression_metrics.LogCoshError'>, {}), (<class 'tensorflow_addons.metrics.r_square.RSquare'>, {})]",200,"[{'nodes': 128, 'activation': 'softplus', 'l2_reg': 0.0001, 'l1_reg': 0.001}]",0.99,True,PCA(n_components=0.99),1,True,"{'enabled': True, 'contamination': 0.05, 'remove_outliers': False}",False,True,"{'method': <function cosine_annealing_20 at 0x000001BAC637E1F0>, 'description': 'Cosine Annealing with 20 epochs cycle'}",True,0.9,val_root_mean_squared_error,<keras.src.engine.sequential.Sequential object at 0x000001BD2432A460>,StandardScaler(),IsolationForest(contamination=0.05),"[1.06798058e+01 3.11574982e+02 1.32876005e+01 2.33964401e+02
 1.76514874e+01 1.16722584e-01 1.26194897e+01 7.71832466e-03]",[0. 0. 0. 0. 0. 0. 0. 0.],13.28759762346301,10.320262771290022,0.5583612926010948,0.5551817096252415,0.03795810457933796,16.22933470277987,12.258656561171854,9.521303524171826,10.64986261157174,0.5594645190915192,0.02489119240863885,0.3349120541852487,-0.2203914157529199,16.82619923418186,12.712053919783449,9.912946011895752,11.028007396232615,0.5558975621768038,0.029953169794314463,0.027422181101476657,0.027188578101789377,0.027305129785425132
0.001,64,"(<class 'keras.src.optimizers.adam.Adam'>, {'beta_1': 0.99, 'beta_2': 0.9995, 'epsilon': 1e-06, 'amsgrad': False, 'learning_rate': 0.001})",<class 'keras.src.optimizers.adam.Adam'>,"{'beta_1': 0.99, 'beta_2': 0.9995, 'epsilon': 1e-06, 'amsgrad': False, 'learning_rate': 0.001}","(<class '__main__.CustomLossWrapper'>, {'loss_function': <function custom_median_loss_scaled at 0x000001BAFB5578B0>, 'lambda_sign': 2.0})",<class '__main__.CustomLossWrapper'>,"{'loss_function': <function custom_median_loss_scaled at 0x000001BAFB5578B0>, 'lambda_sign': 2.0}","[(<class 'keras.src.metrics.regression_metrics.MeanSquaredError'>, {}), (<class 'keras.src.metrics.regression_metrics.MeanAbsoluteError'>, {}), (<class 'keras.src.metrics.regression_metrics.MeanAbsolutePercentageError'>, {}), (<class 'keras.src.metrics.regression_metrics.RootMeanSquaredError'>, {}), (<class 'keras.src.metrics.regression_metrics.CosineSimilarity'>, {}), (<class 'keras.src.metrics.regression_metrics.LogCoshError'>, {}), (<class 'tensorflow_addons.metrics.r_square.RSquare'>, {})]",200,"[{'nodes': 128, 'activation': 'softplus', 'l2_reg': 0.0001, 'l1_reg': 0.001}]",0.99,True,PCA(n_components=0.99),1,True,"{'enabled': True, 'contamination': 0.05, 'remove_outliers': False}",False,True,"{'method': <keras.src.callbacks.ReduceLROnPlateau object at 0x000001BAFB526370>, 'description': 'Reduce on Plateau 50%, patience 5'}",True,0.9,val_root_mean_squared_error,<keras.src.engine.sequential.Sequential object at 0x000001BD031BC370>,StandardScaler(),IsolationForest(contamination=0.05),"[1.05851870e+01 3.10117523e+02 1.32500191e+01 1.87393982e+02
 1.76101532e+01 1.18841603e-01 1.25802975e+01 1.23599172e-02]",[0. 0. 0. 0. 0. 0. 0. 0.],13.2500174888274,10.136855003821333,0.5594208016952146,0.2956497732668191,-0.17822129714534451,16.2043721420213,12.199861723813063,9.387977751583783,10.668983312665967,0.5635971883720109,0.03854553446374431,-0.15352904053505032,-0.5706461608215974,16.731116824084925,12.61162474069563,9.818533376712443,10.99459777546542,0.5684560453090372,0.03919206581786093,0.03886880014080262,0.03886611159117965,0.03886745584274451
0.001,64,"(<class 'keras.src.optimizers.adam.Adam'>, {'beta_1': 0.99, 'beta_2': 0.9995, 'epsilon': 1e-06, 'amsgrad': False, 'learning_rate': 0.001})",<class 'keras.src.optimizers.adam.Adam'>,"{'beta_1': 0.99, 'beta_2': 0.9995, 'epsilon': 1e-06, 'amsgrad': False, 'learning_rate': 0.001}","(<class '__main__.CustomLossWrapper'>, {'loss_function': <function custom_median_loss_scaled at 0x000001BAFB5578B0>, 'lambda_sign': 2.0})",<class '__main__.CustomLossWrapper'>,"{'loss_function': <function custom_median_loss_scaled at 0x000001BAFB5578B0>, 'lambda_sign': 2.0}","[(<class 'keras.src.metrics.regression_metrics.MeanSquaredError'>, {}), (<class 'keras.src.metrics.regression_metrics.MeanAbsoluteError'>, {}), (<class 'keras.src.metrics.regression_metrics.MeanAbsolutePercentageError'>, {}), (<class 'keras.src.metrics.regression_metrics.RootMeanSquaredError'>, {}), (<class 'keras.src.metrics.regression_metrics.CosineSimilarity'>, {}), (<class 'keras.src.metrics.regression_metrics.LogCoshError'>, {}), (<class 'tensorflow_addons.metrics.r_square.RSquare'>, {})]",200,"[{'nodes': 128, 'activation': 'softplus', 'l2_reg': 0.0001, 'l1_reg': 0.001}]",0.99,True,PCA(n_components=0.99),1,True,"{'enabled': True, 'contamination': 0.05, 'remove_outliers': False}",False,True,"{'method': <keras.src.callbacks.ReduceLROnPlateau object at 0x000001BAFB526CD0>, 'description': 'Reduce on Plateau 30%, patience 5'}",True,0.9,val_root_mean_squared_error,<keras.src.engine.sequential.Sequential object at 0x000001BCD39E0220>,StandardScaler(),IsolationForest(contamination=0.05),"[1.05590391e+01 3.10574280e+02 1.32527428e+01 2.46940384e+02
 1.76231174e+01 1.11425042e-01 1.25804358e+01 1.09052658e-02]",[0. 0. 0. 0. 0. 0. 0. 0.],13.252744867926134,10.152707375135396,0.5557125198657955,0.5398405095485475,-0.06212505669963175,16.254934666922736,12.207435355105748,9.287814624017637,10.746515585536969,0.5641270177669457,0.04880357819039274,0.29795330781616275,-0.16617469053643485,16.767834464728722,12.619085392681342,9.740992958659742,11.044823901240045,0.5714109825166215,0.04677990465553675,0.047791741422964745,0.04777031902626113,0.04778102902403426
0.001,64,"(<class 'keras.src.optimizers.adam.Adam'>, {'beta_1': 0.99, 'beta_2': 0.9995, 'epsilon': 1e-06, 'amsgrad': False, 'learning_rate': 0.001})",<class 'keras.src.optimizers.adam.Adam'>,"{'beta_1': 0.99, 'beta_2': 0.9995, 'epsilon': 1e-06, 'amsgrad': False, 'learning_rate': 0.001}","(<class '__main__.CustomLossWrapper'>, {'loss_function': <function custom_median_loss_scaled at 0x000001BAFB5578B0>, 'lambda_sign': 2.0})",<class '__main__.CustomLossWrapper'>,"{'loss_function': <function custom_median_loss_scaled at 0x000001BAFB5578B0>, 'lambda_sign': 2.0}","[(<class 'keras.src.metrics.regression_metrics.MeanSquaredError'>, {}), (<class 'keras.src.metrics.regression_metrics.MeanAbsoluteError'>, {}), (<class 'keras.src.metrics.regression_metrics.MeanAbsolutePercentageError'>, {}), (<class 'keras.src.metrics.regression_metrics.RootMeanSquaredError'>, {}), (<class 'keras.src.metrics.regression_metrics.CosineSimilarity'>, {}), (<class 'keras.src.metrics.regression_metrics.LogCoshError'>, {}), (<class 'tensorflow_addons.metrics.r_square.RSquare'>, {})]",200,"[{'nodes': 128, 'activation': 'softplus', 'l2_reg': 0.0001, 'l1_reg': 0.001}]",0.99,True,PCA(n_components=0.99),1,True,"{'enabled': True, 'contamination': 0.05, 'remove_outliers': False}",False,True,"{'method': <keras.src.callbacks.ReduceLROnPlateau object at 0x000001BAFB526F10>, 'description': 'Reduce on Plateau 50%, patience 10'}",True,0.9,val_root_mean_squared_error,<keras.src.engine.sequential.Sequential object at 0x000001BC9FC36940>,StandardScaler(),IsolationForest(contamination=0.05),"[1.05655499e+01 3.09750153e+02 1.32509727e+01 2.28933762e+02
 1.75997200e+01 1.18135266e-01 1.25807447e+01 1.35298967e-02]",[0. 0. 0. 0. 0. 0. 0. 0.],13.250969612827154,10.18382224759956,0.5590676319971747,0.36804532558047487,-0.19574208801312576,16.20260813155392,12.188802013486761,9.338755400807955,10.681190478030425,0.5657871498710748,0.04358656142502233,-0.06627844627887074,-0.45468297703123833,16.763579765821348,12.623274996104172,9.752634658797469,11.029746447856573,0.5653779857178035,0.04564068788755931,0.04461362465629082,0.044589980334872194,0.0446018009287896
0.001,64,"(<class 'keras.src.optimizers.adam.Adam'>, {'beta_1': 0.99, 'beta_2': 0.9995, 'epsilon': 1e-06, 'amsgrad': False, 'learning_rate': 0.001})",<class 'keras.src.optimizers.adam.Adam'>,"{'beta_1': 0.99, 'beta_2': 0.9995, 'epsilon': 1e-06, 'amsgrad': False, 'learning_rate': 0.001}","(<class '__main__.CustomLossWrapper'>, {'loss_function': <function custom_median_loss_scaled at 0x000001BAFB5578B0>, 'lambda_sign': 2.0})",<class '__main__.CustomLossWrapper'>,"{'loss_function': <function custom_median_loss_scaled at 0x000001BAFB5578B0>, 'lambda_sign': 2.0}","[(<class 'keras.src.metrics.regression_metrics.MeanSquaredError'>, {}), (<class 'keras.src.metrics.regression_metrics.MeanAbsoluteError'>, {}), (<class 'keras.src.metrics.regression_metrics.MeanAbsolutePercentageError'>, {}), (<class 'keras.src.metrics.regression_metrics.RootMeanSquaredError'>, {}), (<class 'keras.src.metrics.regression_metrics.CosineSimilarity'>, {}), (<class 'keras.src.metrics.regression_metrics.LogCoshError'>, {}), (<class 'tensorflow_addons.metrics.r_square.RSquare'>, {})]",200,"[{'nodes': 128, 'activation': 'softplus', 'l2_reg': 0.0001, 'l1_reg': 0.001}]",0.99,True,PCA(n_components=0.99),1,True,"{'enabled': True, 'contamination': 0.05, 'remove_outliers': False}",False,True,"{'method': <keras.src.callbacks.ReduceLROnPlateau object at 0x000001BAFB526820>, 'description': 'Reduce on Plateau 70%, patience 5'}",True,0.9,val_root_mean_squared_error,<keras.src.engine.sequential.Sequential object at 0x000001BC34851370>,StandardScaler(),IsolationForest(contamination=0.05),"[1.06141472e+01 3.09435120e+02 1.32457027e+01 1.65511154e+02
 1.75907688e+01 1.29789859e-01 1.25765371e+01 1.45331621e-02]",[0. 0. 0. 0. 0. 0. 0. 0.],13.245706289443165,10.262296577094366,0.5648949320148331,0.801150339136384,0.2812995647262544,16.185492479941125,12.217833226157548,9.406179549435892,10.645717905628278,0.5636325103316732,0.036681426954249384,0.4623726804269928,-0.012384270155934018,16.76469048555009,12.661406028262663,9.86451736005441,10.997168679114417,0.5629155380448165,0.034692231235126623,0.035686829094688004,0.0356591094869969,0.03567296659840931
0.001,64,"(<class 'keras.src.optimizers.adam.Adam'>, {'beta_1': 0.99, 'beta_2': 0.9995, 'epsilon': 1e-06, 'amsgrad': False, 'learning_rate': 0.001})",<class 'keras.src.optimizers.adam.Adam'>,"{'beta_1': 0.99, 'beta_2': 0.9995, 'epsilon': 1e-06, 'amsgrad': False, 'learning_rate': 0.001}","(<class '__main__.CustomLossWrapper'>, {'loss_function': <function custom_median_loss_scaled at 0x000001BAFB5578B0>, 'lambda_sign': 2.0})",<class '__main__.CustomLossWrapper'>,"{'loss_function': <function custom_median_loss_scaled at 0x000001BAFB5578B0>, 'lambda_sign': 2.0}","[(<class 'keras.src.metrics.regression_metrics.MeanSquaredError'>, {}), (<class 'keras.src.metrics.regression_metrics.MeanAbsoluteError'>, {}), (<class 'keras.src.metrics.regression_metrics.MeanAbsolutePercentageError'>, {}), (<class 'keras.src.metrics.regression_metrics.RootMeanSquaredError'>, {}), (<class 'keras.src.metrics.regression_metrics.CosineSimilarity'>, {}), (<class 'keras.src.metrics.regression_metrics.LogCoshError'>, {}), (<class 'tensorflow_addons.metrics.r_square.RSquare'>, {})]",200,"[{'nodes': 128, 'activation': 'softplus', 'l2_reg': 0.0001, 'l1_reg': 0.001}]",0.99,True,PCA(n_components=0.99),1,True,"{'enabled': True, 'contamination': 0.05, 'remove_outliers': False}",False,False,,True,0.9,val_root_mean_squared_error,<keras.src.engine.sequential.Sequential object at 0x000001BD2118C7C0>,StandardScaler(),IsolationForest(contamination=0.05),"[1.06033888e+01 3.10694916e+02 1.32533741e+01 2.88867188e+02
 1.76265392e+01 1.19194776e-01 1.25818033e+01 1.05211139e-02]",[0. 0. 0. 0. 0. 0. 0. 0.],13.253376619284907,10.187498003225457,0.5595973865442345,0.5827325856718146,0.019845217731258247,16.24666875482588,12.200369091563672,9.287140612334978,10.744280855213796,0.564162339726608,0.048872606000136556,0.17540166520668252,-0.3054592433122345,16.807571578336454,12.6254133570396,9.784869797703347,11.09524858675658,0.5674710662398424,0.04248626797249435,0.04567943698631545,0.045456222143411815,0.04556769288691207
0.001,64,"(<class 'keras.src.optimizers.adam.Adam'>, {'beta_1': 0.99, 'beta_2': 0.9995, 'epsilon': 1e-06, 'amsgrad': False, 'learning_rate': 0.001})",<class 'keras.src.optimizers.adam.Adam'>,"{'beta_1': 0.99, 'beta_2': 0.9995, 'epsilon': 1e-06, 'amsgrad': False, 'learning_rate': 0.001}","(<class '__main__.CustomLossWrapper'>, {'loss_function': <function custom_median_loss_scaled at 0x000001BAFB5578B0>, 'lambda_sign': 2.0})",<class '__main__.CustomLossWrapper'>,"{'loss_function': <function custom_median_loss_scaled at 0x000001BAFB5578B0>, 'lambda_sign': 2.0}","[(<class 'keras.src.metrics.regression_metrics.MeanSquaredError'>, {}), (<class 'keras.src.metrics.regression_metrics.MeanAbsoluteError'>, {}), (<class 'keras.src.metrics.regression_metrics.MeanAbsolutePercentageError'>, {}), (<class 'keras.src.metrics.regression_metrics.RootMeanSquaredError'>, {}), (<class 'keras.src.metrics.regression_metrics.CosineSimilarity'>, {}), (<class 'keras.src.metrics.regression_metrics.LogCoshError'>, {}), (<class 'tensorflow_addons.metrics.r_square.RSquare'>, {})]",200,"[{'nodes': 128, 'activation': 'softplus', 'l2_reg': 0.0001, 'l1_reg': 0.001}]",0.99,True,PCA(n_components=0.99),1,True,"{'enabled': True, 'contamination': 0.05, 'remove_outliers': False}",False,True,"{'method': <function exponential_decay_95 at 0x000001BA228B0820>, 'description': 'Exponential Decay 5%'}",True,0.9,val_root_mean_squared_error,<keras.src.engine.sequential.Sequential object at 0x000001BD26526880>,StandardScaler(),IsolationForest(contamination=0.05),"[1.06123018e+01 3.11055634e+02 1.32824268e+01 2.43213242e+02
 1.76367702e+01 1.15663074e-01 1.26136198e+01 9.37223434e-03]",[0. 0. 0. 0. 0. 0. 0. 0.],13.282425693911055,10.272174240151347,0.557831538054035,0.22717290396110404,-0.2432639124361189,16.208379705997512,12.22670058370862,9.453890872225521,10.642635685634218,0.565151354597153,0.03179514946546944,-0.08169849468045673,-0.5342569489572502,16.80761554067692,12.686859899543437,9.884774871332876,11.023900477637932,0.5650086185668555,0.032709900797741984,0.03225252513160572,0.03224603905031068,0.03224928192789546
0.001,64,"(<class 'keras.src.optimizers.adam.Adam'>, {'beta_1': 0.99, 'beta_2': 0.9995, 'epsilon': 1e-06, 'amsgrad': False, 'learning_rate': 0.001})",<class 'keras.src.optimizers.adam.Adam'>,"{'beta_1': 0.99, 'beta_2': 0.9995, 'epsilon': 1e-06, 'amsgrad': False, 'learning_rate': 0.001}","(<class '__main__.CustomLossWrapper'>, {'loss_function': <function custom_median_loss_scaled at 0x000001BAFB5578B0>, 'lambda_sign': 2.0})",<class '__main__.CustomLossWrapper'>,"{'loss_function': <function custom_median_loss_scaled at 0x000001BAFB5578B0>, 'lambda_sign': 2.0}","[(<class 'keras.src.metrics.regression_metrics.MeanSquaredError'>, {}), (<class 'keras.src.metrics.regression_metrics.MeanAbsoluteError'>, {}), (<class 'keras.src.metrics.regression_metrics.MeanAbsolutePercentageError'>, {}), (<class 'keras.src.metrics.regression_metrics.RootMeanSquaredError'>, {}), (<class 'keras.src.metrics.regression_metrics.CosineSimilarity'>, {}), (<class 'keras.src.metrics.regression_metrics.LogCoshError'>, {}), (<class 'tensorflow_addons.metrics.r_square.RSquare'>, {})]",200,"[{'nodes': 128, 'activation': 'softplus', 'l2_reg': 0.0001, 'l1_reg': 0.001}]",0.99,True,PCA(n_components=0.99),1,True,"{'enabled': True, 'contamination': 0.05, 'remove_outliers': False}",False,True,"{'method': <function exponential_decay_90 at 0x000001BAABB24F70>, 'description': 'Exponential Decay 10%'}",True,0.9,val_root_mean_squared_error,<keras.src.engine.sequential.Sequential object at 0x000001BD2BD5CF70>,StandardScaler(),IsolationForest(contamination=0.05),"[1.06402664e+01 3.11214172e+02 1.32663641e+01 2.12376129e+02
 1.76412640e+01 1.19547941e-01 1.25978498e+01 8.86738300e-03]",[0. 0. 0. 0. 0. 0. 0. 0.],13.266363873649462,10.227846093105448,0.5597739713932545,0.8035877069640158,0.26721622662988387,16.228078985435452,12.237051513330492,9.458393988266517,10.688573541011944,0.5638444420896471,0.03133397016349332,0.32475361036090267,-0.22956559119519226,16.83193279398236,12.687487809477506,9.852467343115475,11.064685753336,0.5650086185668555,0.03587140448206173,0.033602687322777526,0.033449512741846266,0.033526012553889
0.001,64,"(<class 'keras.src.optimizers.adam.Adam'>, {'beta_1': 0.99, 'beta_2': 0.9995, 'epsilon': 1e-06, 'amsgrad': False, 'learning_rate': 0.001})",<class 'keras.src.optimizers.adam.Adam'>,"{'beta_1': 0.99, 'beta_2': 0.9995, 'epsilon': 1e-06, 'amsgrad': False, 'learning_rate': 0.001}","(<class '__main__.CustomLossWrapper'>, {'loss_function': <function custom_median_loss_scaled at 0x000001BAFB5578B0>, 'lambda_sign': 2.0})",<class '__main__.CustomLossWrapper'>,"{'loss_function': <function custom_median_loss_scaled at 0x000001BAFB5578B0>, 'lambda_sign': 2.0}","[(<class 'keras.src.metrics.regression_metrics.MeanSquaredError'>, {}), (<class 'keras.src.metrics.regression_metrics.MeanAbsoluteError'>, {}), (<class 'keras.src.metrics.regression_metrics.MeanAbsolutePercentageError'>, {}), (<class 'keras.src.metrics.regression_metrics.RootMeanSquaredError'>, {}), (<class 'keras.src.metrics.regression_metrics.CosineSimilarity'>, {}), (<class 'keras.src.metrics.regression_metrics.LogCoshError'>, {}), (<class 'tensorflow_addons.metrics.r_square.RSquare'>, {})]",200,"[{'nodes': 128, 'activation': 'softplus', 'l2_reg': 0.0001, 'l1_reg': 0.001}]",0.99,True,PCA(n_components=0.99),1,True,"{'enabled': True, 'contamination': 0.05, 'remove_outliers': False}",False,True,"{'method': <function exponential_decay_85 at 0x000001BAABB24C10>, 'description': 'Exponential Decay 15%'}",True,0.9,val_root_mean_squared_error,<keras.src.engine.sequential.Sequential object at 0x000001BD346EE190>,StandardScaler(),IsolationForest(contamination=0.05),"[1.06775312e+01 3.11707672e+02 1.32989321e+01 1.64859009e+02
 1.76552448e+01 1.13544054e-01 1.26282873e+01 7.29566813e-03]",[0. 0. 0. 0. 0. 0. 0. 0.],13.298935635552391,10.336366873424726,0.5567720289599153,0.4787702869568691,0.03976855810351321,16.245401191476834,12.27571488267618,9.525015249780795,10.6509994887558,0.556038289004274,0.024511062070027127,0.14038171649525608,-0.23263643440038628,16.810605481546155,12.70239772714089,9.918625795809922,11.011148429481718,0.5595912336862842,0.029397365659440535,0.02695421386473383,0.026732764605559248,0.02684326087445098
0.001,64,"(<class 'keras.src.optimizers.adam.Adam'>, {'beta_1': 0.99, 'beta_2': 0.9995, 'epsilon': 1e-06, 'amsgrad': False, 'learning_rate': 0.001})",<class 'keras.src.optimizers.adam.Adam'>,"{'beta_1': 0.99, 'beta_2': 0.9995, 'epsilon': 1e-06, 'amsgrad': False, 'learning_rate': 0.001}","(<class '__main__.CustomLossWrapper'>, {'loss_function': <function custom_median_loss_scaled at 0x000001BAFB5578B0>, 'lambda_sign': 2.0})",<class '__main__.CustomLossWrapper'>,"{'loss_function': <function custom_median_loss_scaled at 0x000001BAFB5578B0>, 'lambda_sign': 2.0}","[(<class 'keras.src.metrics.regression_metrics.MeanSquaredError'>, {}), (<class 'keras.src.metrics.regression_metrics.MeanAbsoluteError'>, {}), (<class 'keras.src.metrics.regression_metrics.MeanAbsolutePercentageError'>, {}), (<class 'keras.src.metrics.regression_metrics.RootMeanSquaredError'>, {}), (<class 'keras.src.metrics.regression_metrics.CosineSimilarity'>, {}), (<class 'keras.src.metrics.regression_metrics.LogCoshError'>, {}), (<class 'tensorflow_addons.metrics.r_square.RSquare'>, {})]",200,"[{'nodes': 128, 'activation': 'softplus', 'l2_reg': 0.0001, 'l1_reg': 0.001}]",0.99,True,PCA(n_components=0.99),1,True,"{'enabled': True, 'contamination': 0.05, 'remove_outliers': False}",False,True,"{'method': <function exponential_decay_80 at 0x000001BAABB24D30>, 'description': 'Exponential Decay 20%'}",True,0.9,val_root_mean_squared_error,<keras.src.engine.sequential.Sequential object at 0x000001BD402FB070>,StandardScaler(),IsolationForest(contamination=0.05),"[1.06696873e+01 3.12151917e+02 1.33152990e+01 1.66540497e+02
 1.76678219e+01 1.04714818e-01 1.26444187e+01 5.88089228e-03]",[0. 0. 0. 0. 0. 0. 0. 0.],13.315296292907991,10.22510201865076,0.5523574077344164,0.6695843668466879,0.19821516803125405,16.26363984544923,12.292616356643505,9.521449251480174,10.669610375180987,0.5576984211084031,0.02487626798347832,0.3347666517538328,-0.08688050951531842,16.86895005714563,12.740569913836199,9.976773420224685,11.060354825438825,0.5544200935730116,0.023707238962508703,0.02429175347299351,0.024277688732325567,0.0242847200844425
0.001,64,"(<class 'keras.src.optimizers.adam.Adam'>, {'beta_1': 0.99, 'beta_2': 0.9995, 'epsilon': 1e-06, 'amsgrad': False, 'learning_rate': 0.001})",<class 'keras.src.optimizers.adam.Adam'>,"{'beta_1': 0.99, 'beta_2': 0.9995, 'epsilon': 1e-06, 'amsgrad': False, 'learning_rate': 0.001}","(<class '__main__.CustomLossWrapper'>, {'loss_function': <function custom_median_loss_scaled at 0x000001BAFB5578B0>, 'lambda_sign': 2.0})",<class '__main__.CustomLossWrapper'>,"{'loss_function': <function custom_median_loss_scaled at 0x000001BAFB5578B0>, 'lambda_sign': 2.0}","[(<class 'keras.src.metrics.regression_metrics.MeanSquaredError'>, {}), (<class 'keras.src.metrics.regression_metrics.MeanAbsoluteError'>, {}), (<class 'keras.src.metrics.regression_metrics.MeanAbsolutePercentageError'>, {}), (<class 'keras.src.metrics.regression_metrics.RootMeanSquaredError'>, {}), (<class 'keras.src.metrics.regression_metrics.CosineSimilarity'>, {}), (<class 'keras.src.metrics.regression_metrics.LogCoshError'>, {}), (<class 'tensorflow_addons.metrics.r_square.RSquare'>, {})]",200,"[{'nodes': 128, 'activation': 'softplus', 'l2_reg': 0.0001, 'l1_reg': 0.001}]",0.99,True,PCA(n_components=0.99),1,True,"{'enabled': True, 'contamination': 0.05, 'remove_outliers': False}",False,True,"{'method': <function step_decay_50_10 at 0x000001BAABB248B0>, 'description': 'Step Decay 50% every 10 epochs'}",True,0.9,val_root_mean_squared_error,<keras.src.engine.sequential.Sequential object at 0x000001BD48F91FD0>,StandardScaler(),IsolationForest(contamination=0.05),"[1.06370144e+01 3.11390594e+02 1.32849665e+01 2.02948883e+02
 1.76462631e+01 1.16016246e-01 1.26160049e+01 8.30554962e-03]",[0. 0. 0. 0. 0. 0. 0. 0.],13.284966702452074,10.194073834695635,0.5580081229030549,0.7869423821337381,0.27362734973274694,16.224453180833738,12.259585766693679,9.530914384304882,10.655957443894582,0.5571685917134682,0.023906911806672915,0.5605421042343285,-0.03642251628778573,16.80697897129564,12.700210129088383,9.912108286497187,11.021505770453016,0.5589756217680374,0.030035146722917277,0.026971029264795096,0.026622921830518412,0.026796410278342588
0.001,64,"(<class 'keras.src.optimizers.adam.Adam'>, {'beta_1': 0.99, 'beta_2': 0.9995, 'epsilon': 1e-06, 'amsgrad': False, 'learning_rate': 0.001})",<class 'keras.src.optimizers.adam.Adam'>,"{'beta_1': 0.99, 'beta_2': 0.9995, 'epsilon': 1e-06, 'amsgrad': False, 'learning_rate': 0.001}","(<class '__main__.CustomLossWrapper'>, {'loss_function': <function custom_median_loss_scaled at 0x000001BAFB5578B0>, 'lambda_sign': 2.0})",<class '__main__.CustomLossWrapper'>,"{'loss_function': <function custom_median_loss_scaled at 0x000001BAFB5578B0>, 'lambda_sign': 2.0}","[(<class 'keras.src.metrics.regression_metrics.MeanSquaredError'>, {}), (<class 'keras.src.metrics.regression_metrics.MeanAbsoluteError'>, {}), (<class 'keras.src.metrics.regression_metrics.MeanAbsolutePercentageError'>, {}), (<class 'keras.src.metrics.regression_metrics.RootMeanSquaredError'>, {}), (<class 'keras.src.metrics.regression_metrics.CosineSimilarity'>, {}), (<class 'keras.src.metrics.regression_metrics.LogCoshError'>, {}), (<class 'tensorflow_addons.metrics.r_square.RSquare'>, {})]",200,"[{'nodes': 128, 'activation': 'softplus', 'l2_reg': 0.0001, 'l1_reg': 0.001}]",0.99,True,PCA(n_components=0.99),1,True,"{'enabled': True, 'contamination': 0.05, 'remove_outliers': False}",False,True,"{'method': <function step_decay_30_10 at 0x000001BAABB249D0>, 'description': 'Step Decay 30% every 10 epochs'}",True,0.9,val_root_mean_squared_error,<keras.src.engine.sequential.Sequential object at 0x000001BD52535F40>,StandardScaler(),IsolationForest(contamination=0.05),"[1.06502657e+01 3.10972046e+02 1.32783194e+01 1.67148102e+02
 1.76343994e+01 1.12837717e-01 1.26095562e+01 9.63848829e-03]",[0. 0. 0. 0. 0. 0. 0. 0.],13.27832111958484,10.24760026965989,0.5564188592618753,0.6175666909333261,0.17141269555344013,16.204691795800663,12.248766542535943,9.505769137608695,10.627128344551071,0.5627847832997774,0.026482121331320694,0.348834870547536,-0.07723762296420635,16.78371552465248,12.683299388863999,9.921666606673348,10.996768412646324,0.5659935976360503,0.02909980235830057,0.027790961844810634,0.027729320815640116,0.027760124221083156
0.001,64,"(<class 'keras.src.optimizers.adam.Adam'>, {'beta_1': 0.99, 'beta_2': 0.9995, 'epsilon': 1e-06, 'amsgrad': False, 'learning_rate': 0.001})",<class 'keras.src.optimizers.adam.Adam'>,"{'beta_1': 0.99, 'beta_2': 0.9995, 'epsilon': 1e-06, 'amsgrad': False, 'learning_rate': 0.001}","(<class '__main__.CustomLossWrapper'>, {'loss_function': <function custom_median_loss_scaled at 0x000001BAFB5578B0>, 'lambda_sign': 2.0})",<class '__main__.CustomLossWrapper'>,"{'loss_function': <function custom_median_loss_scaled at 0x000001BAFB5578B0>, 'lambda_sign': 2.0}","[(<class 'keras.src.metrics.regression_metrics.MeanSquaredError'>, {}), (<class 'keras.src.metrics.regression_metrics.MeanAbsoluteError'>, {}), (<class 'keras.src.metrics.regression_metrics.MeanAbsolutePercentageError'>, {}), (<class 'keras.src.metrics.regression_metrics.RootMeanSquaredError'>, {}), (<class 'keras.src.metrics.regression_metrics.CosineSimilarity'>, {}), (<class 'keras.src.metrics.regression_metrics.LogCoshError'>, {}), (<class 'tensorflow_addons.metrics.r_square.RSquare'>, {})]",200,"[{'nodes': 128, 'activation': 'softplus', 'l2_reg': 0.0001, 'l1_reg': 0.001}]",0.99,True,PCA(n_components=0.99),1,True,"{'enabled': True, 'contamination': 0.05, 'remove_outliers': False}",False,True,"{'method': <function step_decay_50_5 at 0x000001BAABB24EE0>, 'description': 'Step Decay 50% every 5 epochs'}",True,0.9,val_root_mean_squared_error,<keras.src.engine.sequential.Sequential object at 0x000001BD63120F40>,StandardScaler(),IsolationForest(contamination=0.05),"[1.06219902e+01 3.11973145e+02 1.33079157e+01 1.38794617e+02
 1.76627617e+01 9.55324024e-02 1.26381817e+01 6.45029545e-03]",[0. 0. 0. 0. 0. 0. 0. 0.],13.307913748742996,10.28307506294712,0.5477662016598975,0.43844298999514086,-0.03485045681163762,16.24450145650791,12.271486359967705,9.521838004379255,10.652763483413457,0.5598883826074671,0.02483645448788834,0.1615311705385326,-0.24824583511579684,16.81381069179689,12.712154972281013,9.949368689705688,11.005068949465883,0.5603299679881802,0.026388971712862926,0.025612713100375634,0.02558918660276879,0.02560094714905472
0.001,64,"(<class 'keras.src.optimizers.adam.Adam'>, {'beta_1': 0.99, 'beta_2': 0.9995, 'epsilon': 1e-06, 'amsgrad': False, 'learning_rate': 0.001})",<class 'keras.src.optimizers.adam.Adam'>,"{'beta_1': 0.99, 'beta_2': 0.9995, 'epsilon': 1e-06, 'amsgrad': False, 'learning_rate': 0.001}","(<class '__main__.CustomLossWrapper'>, {'loss_function': <function custom_median_loss_scaled at 0x000001BAFB5578B0>, 'lambda_sign': 2.0})",<class '__main__.CustomLossWrapper'>,"{'loss_function': <function custom_median_loss_scaled at 0x000001BAFB5578B0>, 'lambda_sign': 2.0}","[(<class 'keras.src.metrics.regression_metrics.MeanSquaredError'>, {}), (<class 'keras.src.metrics.regression_metrics.MeanAbsoluteError'>, {}), (<class 'keras.src.metrics.regression_metrics.MeanAbsolutePercentageError'>, {}), (<class 'keras.src.metrics.regression_metrics.RootMeanSquaredError'>, {}), (<class 'keras.src.metrics.regression_metrics.CosineSimilarity'>, {}), (<class 'keras.src.metrics.regression_metrics.LogCoshError'>, {}), (<class 'tensorflow_addons.metrics.r_square.RSquare'>, {})]",200,"[{'nodes': 128, 'activation': 'softplus', 'l2_reg': 0.0001, 'l1_reg': 0.001}]",0.99,True,PCA(n_components=0.99),1,True,"{'enabled': True, 'contamination': 0.05, 'remove_outliers': False}",False,True,"{'method': <function step_decay_70_10 at 0x000001BAABB24820>, 'description': 'Step Decay 70% every 10 epochs'}",True,0.9,val_root_mean_squared_error,<keras.src.engine.sequential.Sequential object at 0x000001BD61F0B550>,StandardScaler(),IsolationForest(contamination=0.05),"[1.05788660e+01 3.10479309e+02 1.32504539e+01 2.83909424e+02
 1.76204224e+01 1.21313788e-01 1.25799007e+01 1.12076998e-02]",[0. 0. 0. 0. 0. 0. 0. 0.],13.250450677406935,10.204155864819848,0.5606568956383542,0.8259540307150703,0.28052723865278106,16.205101483421405,12.195977683583267,9.340783874320545,10.702355467274524,0.5630320370174138,0.04337881861091385,0.5541928919620618,0.1508960048228467,16.707141774766736,12.594645046923597,9.790919992815518,10.990502140553954,0.569441024378232,0.04189421667072759,0.042636517640820715,0.04262359419489479,0.042630055428134445
0.001,64,"(<class 'keras.src.optimizers.adam.Adam'>, {'beta_1': 0.99, 'beta_2': 0.9995, 'epsilon': 1e-06, 'amsgrad': False, 'learning_rate': 0.001})",<class 'keras.src.optimizers.adam.Adam'>,"{'beta_1': 0.99, 'beta_2': 0.9995, 'epsilon': 1e-06, 'amsgrad': False, 'learning_rate': 0.001}","(<class '__main__.CustomLossWrapper'>, {'loss_function': <function custom_median_loss_scaled at 0x000001BAFB5578B0>, 'lambda_sign': 2.0})",<class '__main__.CustomLossWrapper'>,"{'loss_function': <function custom_median_loss_scaled at 0x000001BAFB5578B0>, 'lambda_sign': 2.0}","[(<class 'keras.src.metrics.regression_metrics.MeanSquaredError'>, {}), (<class 'keras.src.metrics.regression_metrics.MeanAbsoluteError'>, {}), (<class 'keras.src.metrics.regression_metrics.MeanAbsolutePercentageError'>, {}), (<class 'keras.src.metrics.regression_metrics.RootMeanSquaredError'>, {}), (<class 'keras.src.metrics.regression_metrics.CosineSimilarity'>, {}), (<class 'keras.src.metrics.regression_metrics.LogCoshError'>, {}), (<class 'tensorflow_addons.metrics.r_square.RSquare'>, {})]",200,"[{'nodes': 128, 'activation': 'softplus', 'l2_reg': 0.0001, 'l1_reg': 0.001}]",0.99,True,PCA(n_components=0.99),1,True,"{'enabled': True, 'contamination': 0.05, 'remove_outliers': False}",False,True,"{'method': <function time_based_decay_1e4 at 0x000001BAABB24E50>, 'description': 'Time-Based Decay 1e-4'}",True,0.9,val_root_mean_squared_error,<keras.src.engine.sequential.Sequential object at 0x000001BD78A655B0>,StandardScaler(),IsolationForest(contamination=0.05),"[1.05938845e+01 3.10978058e+02 1.32433987e+01 2.76477234e+02
 1.76345692e+01 1.21313788e-01 1.25731153e+01 9.61935520e-03]",[0. 0. 0. 0. 0. 0. 0. 0.],13.243402696857089,10.111819811981743,0.5606568956383542,0.8805918488584247,0.32558350915327017,16.219528152947827,12.193151093484426,9.324291250894545,10.731746256143044,0.5625375295821412,0.04506788380268644,0.4917641065311759,-0.001705315204828077,16.747410800489224,12.607819595507886,9.747620547569575,11.033627766682036,0.5710416153656734,0.04613135158098407,0.04559961769183525,0.04559341718088405,0.04559651733096142
0.001,64,"(<class 'keras.src.optimizers.adam.Adam'>, {'beta_1': 0.99, 'beta_2': 0.9995, 'epsilon': 1e-06, 'amsgrad': False, 'learning_rate': 0.001})",<class 'keras.src.optimizers.adam.Adam'>,"{'beta_1': 0.99, 'beta_2': 0.9995, 'epsilon': 1e-06, 'amsgrad': False, 'learning_rate': 0.001}","(<class '__main__.CustomLossWrapper'>, {'loss_function': <function custom_median_loss_scaled at 0x000001BAFB5578B0>, 'lambda_sign': 2.0})",<class '__main__.CustomLossWrapper'>,"{'loss_function': <function custom_median_loss_scaled at 0x000001BAFB5578B0>, 'lambda_sign': 2.0}","[(<class 'keras.src.metrics.regression_metrics.MeanSquaredError'>, {}), (<class 'keras.src.metrics.regression_metrics.MeanAbsoluteError'>, {}), (<class 'keras.src.metrics.regression_metrics.MeanAbsolutePercentageError'>, {}), (<class 'keras.src.metrics.regression_metrics.RootMeanSquaredError'>, {}), (<class 'keras.src.metrics.regression_metrics.CosineSimilarity'>, {}), (<class 'keras.src.metrics.regression_metrics.LogCoshError'>, {}), (<class 'tensorflow_addons.metrics.r_square.RSquare'>, {})]",200,"[{'nodes': 128, 'activation': 'softplus', 'l2_reg': 0.0001, 'l1_reg': 0.001}]",0.99,True,PCA(n_components=0.99),1,True,"{'enabled': True, 'contamination': 0.05, 'remove_outliers': False}",False,True,"{'method': <function time_based_decay_1e5 at 0x000001BAABB24DC0>, 'description': 'Time-Based Decay 1e-5'}",True,0.9,val_root_mean_squared_error,<keras.src.engine.sequential.Sequential object at 0x000001BD7C5034C0>,StandardScaler(),IsolationForest(contamination=0.05),"[1.05878954e+01 3.10996826e+02 1.32613220e+01 2.51634247e+02
 1.76351013e+01 1.10365532e-01 1.25914955e+01 9.55957174e-03]",[0. 0. 0. 0. 0. 0. 0. 0.],13.26132272078036,10.176993819474584,0.5551827653187357,0.6613540170845892,0.20937865154370344,16.22644929302818,12.20413907566575,9.302153314698627,10.713953032971721,0.5598883826074671,0.047335104515872646,0.24975006419524312,-0.14534605954919044,16.764067373825267,12.621666032425507,9.84761196169002,11.034956622018461,0.5659935976360503,0.036346535422505585,0.04184081996918912,0.04111934360466866,0.041478513148546794
0.001,64,"(<class 'keras.src.optimizers.adam.Adam'>, {'beta_1': 0.99, 'beta_2': 0.9995, 'epsilon': 1e-06, 'amsgrad': False, 'learning_rate': 0.001})",<class 'keras.src.optimizers.adam.Adam'>,"{'beta_1': 0.99, 'beta_2': 0.9995, 'epsilon': 1e-06, 'amsgrad': False, 'learning_rate': 0.001}","(<class '__main__.CustomLossWrapper'>, {'loss_function': <function custom_median_loss_scaled at 0x000001BAFB5578B0>, 'lambda_sign': 2.0})",<class '__main__.CustomLossWrapper'>,"{'loss_function': <function custom_median_loss_scaled at 0x000001BAFB5578B0>, 'lambda_sign': 2.0}","[(<class 'keras.src.metrics.regression_metrics.MeanSquaredError'>, {}), (<class 'keras.src.metrics.regression_metrics.MeanAbsoluteError'>, {}), (<class 'keras.src.metrics.regression_metrics.MeanAbsolutePercentageError'>, {}), (<class 'keras.src.metrics.regression_metrics.RootMeanSquaredError'>, {}), (<class 'keras.src.metrics.regression_metrics.CosineSimilarity'>, {}), (<class 'keras.src.metrics.regression_metrics.LogCoshError'>, {}), (<class 'tensorflow_addons.metrics.r_square.RSquare'>, {})]",200,"[{'nodes': 128, 'activation': 'softplus', 'l2_reg': 0.0001, 'l1_reg': 0.001}]",0.99,True,PCA(n_components=0.99),1,True,"{'enabled': True, 'contamination': 0.05, 'remove_outliers': False}",False,True,"{'method': <function time_based_decay_5e4 at 0x000001BAC637ED30>, 'description': 'Time-Based Decay 5e-4'}",True,0.9,val_root_mean_squared_error,<keras.src.engine.sequential.Sequential object at 0x000001BD81C71730>,StandardScaler(),IsolationForest(contamination=0.05),"[1.05752449e+01 3.10656952e+02 1.32490826e+01 2.68499695e+02
 1.76254635e+01 1.23785980e-01 1.25795746e+01 1.06419325e-02]",[0. 0. 0. 0. 0. 0. 0. 0.],13.249079165621382,10.14868989097516,0.5618929895814939,0.8789819284107793,0.3308063869734823,16.209715682642294,12.202146594029458,9.338069915835034,10.70653436808383,0.5633499346543747,0.04365676425311935,0.5417394879169581,0.04819382347246892,16.774785376425566,12.627597621181797,9.760071145312146,11.054912279454376,0.569441024378232,0.044912978873228586,0.04428487156317397,0.044275962904776235,0.044280417009936464
0.001,64,"(<class 'keras.src.optimizers.adam.Adam'>, {'beta_1': 0.99, 'beta_2': 0.9995, 'epsilon': 1e-06, 'amsgrad': False, 'learning_rate': 0.001})",<class 'keras.src.optimizers.adam.Adam'>,"{'beta_1': 0.99, 'beta_2': 0.9995, 'epsilon': 1e-06, 'amsgrad': False, 'learning_rate': 0.001}","(<class '__main__.CustomLossWrapper'>, {'loss_function': <function custom_median_loss_scaled at 0x000001BAFB5578B0>, 'lambda_sign': 2.0})",<class '__main__.CustomLossWrapper'>,"{'loss_function': <function custom_median_loss_scaled at 0x000001BAFB5578B0>, 'lambda_sign': 2.0}","[(<class 'keras.src.metrics.regression_metrics.MeanSquaredError'>, {}), (<class 'keras.src.metrics.regression_metrics.MeanAbsoluteError'>, {}), (<class 'keras.src.metrics.regression_metrics.MeanAbsolutePercentageError'>, {}), (<class 'keras.src.metrics.regression_metrics.RootMeanSquaredError'>, {}), (<class 'keras.src.metrics.regression_metrics.CosineSimilarity'>, {}), (<class 'keras.src.metrics.regression_metrics.LogCoshError'>, {}), (<class 'tensorflow_addons.metrics.r_square.RSquare'>, {})]",200,"[{'nodes': 128, 'activation': 'softplus', 'l2_reg': 0.0001, 'l1_reg': 0.001}]",0.99,True,PCA(n_components=0.99),1,True,"{'enabled': True, 'contamination': 0.05, 'remove_outliers': False}",False,True,"{'method': <function time_based_decay_2e4 at 0x000001BAC637ECA0>, 'description': 'Time-Based Decay 2e-4'}",True,0.9,val_root_mean_squared_error,<keras.src.engine.sequential.Sequential object at 0x000001BD8323D730>,StandardScaler(),IsolationForest(contamination=0.05),"[1.06533060e+01 3.11846649e+02 1.32918119e+01 2.37897934e+02
 1.76591797e+01 1.16722584e-01 1.26233292e+01 6.85316324e-03]",[0. 0. 0. 0. 0. 0. 0. 0.],13.291814765665206,10.247785920317035,0.5583612926010948,0.4054914014879371,-0.09632113046766522,16.247595977260968,12.23047745093304,9.386025962698142,10.703221087134215,0.5639857299282964,0.03874542374656321,0.04936054179548117,-0.37259184546107177,16.84029204029726,12.685068179898368,9.846285470815424,11.075518220700326,0.5594681113026349,0.036476341260916804,0.037610882503740006,0.03757665879650477,0.03759376675565338
0.001,64,"(<class 'keras.src.optimizers.adam.Adam'>, {'beta_1': 0.99, 'beta_2': 0.9995, 'epsilon': 1e-06, 'amsgrad': False, 'learning_rate': 0.001})",<class 'keras.src.optimizers.adam.Adam'>,"{'beta_1': 0.99, 'beta_2': 0.9995, 'epsilon': 1e-06, 'amsgrad': False, 'learning_rate': 0.001}","(<class '__main__.CustomLossWrapper'>, {'loss_function': <function custom_median_loss_scaled at 0x000001BAFB5578B0>, 'lambda_sign': 2.0})",<class '__main__.CustomLossWrapper'>,"{'loss_function': <function custom_median_loss_scaled at 0x000001BAFB5578B0>, 'lambda_sign': 2.0}","[(<class 'keras.src.metrics.regression_metrics.MeanSquaredError'>, {}), (<class 'keras.src.metrics.regression_metrics.MeanAbsoluteError'>, {}), (<class 'keras.src.metrics.regression_metrics.MeanAbsolutePercentageError'>, {}), (<class 'keras.src.metrics.regression_metrics.RootMeanSquaredError'>, {}), (<class 'keras.src.metrics.regression_metrics.CosineSimilarity'>, {}), (<class 'keras.src.metrics.regression_metrics.LogCoshError'>, {}), (<class 'tensorflow_addons.metrics.r_square.RSquare'>, {})]",200,"[{'nodes': 128, 'activation': 'softplus', 'l2_reg': 0.0001, 'l1_reg': 0.001}]",0.99,True,PCA(n_components=0.99),1,True,"{'enabled': True, 'contamination': 0.05, 'remove_outliers': False}",False,True,"{'method': <function cosine_annealing_30 at 0x000001BAC637EF70>, 'description': 'Cosine Annealing with 30 epochs cycle'}",True,0.9,val_root_mean_squared_error,<keras.src.engine.sequential.Sequential object at 0x000001BD86F0C280>,StandardScaler(),IsolationForest(contamination=0.05),"[1.06340218e+01 3.11488434e+02 1.32708235e+01 2.67323364e+02
 1.76490345e+01 1.21666960e-01 1.26016617e+01 7.99393654e-03]",[0. 0. 0. 0. 0. 0. 0. 0.],13.270824448377306,10.290698321096572,0.5608334804873741,1.0813946292819325,0.5632444925366922,16.2307341588247,12.251883016599807,9.502131118502321,10.700105009539424,0.5601003143654409,0.02685470313840255,0.7000573127901653,0.13852869761105774,16.8271776959945,12.690645635456807,9.868385370258451,11.071211837397932,0.5622999261265698,0.034313721049241366,0.030584212093821957,0.03012942721965601,0.030355967985740986
0.001,64,"(<class 'keras.src.optimizers.adam.Adam'>, {'beta_1': 0.99, 'beta_2': 0.9995, 'epsilon': 1e-06, 'amsgrad': False, 'learning_rate': 0.001})",<class 'keras.src.optimizers.adam.Adam'>,"{'beta_1': 0.99, 'beta_2': 0.9995, 'epsilon': 1e-06, 'amsgrad': False, 'learning_rate': 0.001}","(<class '__main__.CustomLossWrapper'>, {'loss_function': <function custom_median_loss_scaled at 0x000001BAFB5578B0>, 'lambda_sign': 2.0})",<class '__main__.CustomLossWrapper'>,"{'loss_function': <function custom_median_loss_scaled at 0x000001BAFB5578B0>, 'lambda_sign': 2.0}","[(<class 'keras.src.metrics.regression_metrics.MeanSquaredError'>, {}), (<class 'keras.src.metrics.regression_metrics.MeanAbsoluteError'>, {}), (<class 'keras.src.metrics.regression_metrics.MeanAbsolutePercentageError'>, {}), (<class 'keras.src.metrics.regression_metrics.RootMeanSquaredError'>, {}), (<class 'keras.src.metrics.regression_metrics.CosineSimilarity'>, {}), (<class 'keras.src.metrics.regression_metrics.LogCoshError'>, {}), (<class 'tensorflow_addons.metrics.r_square.RSquare'>, {})]",200,"[{'nodes': 128, 'activation': 'softplus', 'l2_reg': 0.0001, 'l1_reg': 0.001}]",0.99,True,PCA(n_components=0.99),1,True,"{'enabled': True, 'contamination': 0.05, 'remove_outliers': False}",False,True,"{'method': <function cosine_annealing_50 at 0x000001BAC637EB80>, 'description': 'Cosine Annealing with 50 epochs cycle'}",True,0.9,val_root_mean_squared_error,<keras.src.engine.sequential.Sequential object at 0x000001BD8AE2B760>,StandardScaler(),IsolationForest(contamination=0.05),"[1.05936012e+01 3.11447632e+02 1.32562952e+01 2.41049042e+02
 1.76478786e+01 1.10718697e-01 1.25859346e+01 8.12387466e-03]",[0. 0. 0. 0. 0. 0. 0. 0.],13.2562961234828,10.142187174657924,0.5553593501677556,1.248186698146079,0.6985243258984694,16.216716308650437,12.223928520935644,9.369694441798746,10.72894245795749,0.56327929073505,0.04041798988521578,0.8768755093279204,0.310451029680646,16.788619094389457,12.654362451967799,9.730894284040062,11.066803016254532,0.5666092095542969,0.04776812624903113,0.04409305806712345,0.04378674848612071,0.0439396363613657
0.001,64,"(<class 'keras.src.optimizers.adam.Adam'>, {'beta_1': 0.99, 'beta_2': 0.9995, 'epsilon': 1e-06, 'amsgrad': False, 'learning_rate': 0.001})",<class 'keras.src.optimizers.adam.Adam'>,"{'beta_1': 0.99, 'beta_2': 0.9995, 'epsilon': 1e-06, 'amsgrad': False, 'learning_rate': 0.001}","(<class '__main__.CustomLossWrapper'>, {'loss_function': <function custom_median_loss_scaled at 0x000001BAFB5578B0>, 'lambda_sign': 2.0})",<class '__main__.CustomLossWrapper'>,"{'loss_function': <function custom_median_loss_scaled at 0x000001BAFB5578B0>, 'lambda_sign': 2.0}","[(<class 'keras.src.metrics.regression_metrics.MeanSquaredError'>, {}), (<class 'keras.src.metrics.regression_metrics.MeanAbsoluteError'>, {}), (<class 'keras.src.metrics.regression_metrics.MeanAbsolutePercentageError'>, {}), (<class 'keras.src.metrics.regression_metrics.RootMeanSquaredError'>, {}), (<class 'keras.src.metrics.regression_metrics.CosineSimilarity'>, {}), (<class 'keras.src.metrics.regression_metrics.LogCoshError'>, {}), (<class 'tensorflow_addons.metrics.r_square.RSquare'>, {})]",200,"[{'nodes': 128, 'activation': 'softplus', 'l2_reg': 0.0001, 'l1_reg': 0.001}]",0.99,True,PCA(n_components=0.99),1,True,"{'enabled': True, 'contamination': 0.05, 'remove_outliers': False}",False,True,"{'method': <function cosine_annealing_10 at 0x000001BAC637EEE0>, 'description': 'Cosine Annealing with 10 epochs cycle'}",True,0.9,val_root_mean_squared_error,<keras.src.engine.sequential.Sequential object at 0x000001BD92B97700>,StandardScaler(),IsolationForest(contamination=0.05),"[1.06772184e+01 3.11458588e+02 1.32847786e+01 1.53416656e+02
 1.76481895e+01 1.09659195e-01 1.26155319e+01 8.08900595e-03]",[0. 0. 0. 0. 0. 0. 0. 0.],13.284782882427086,10.262308319021276,0.5548295956206958,0.7484247713140918,0.3049841299928668,16.224998188619054,12.263149463015099,9.4777244201956,10.649909803279632,0.5583695383419872,0.02935427543149144,0.30552666383246235,-0.20904978373391775,16.79716927039088,12.687159669013369,9.924504178659207,11.011558125608165,0.5664860871706476,0.028822127315275024,0.02908820137338323,0.02908576755482259,0.029086984438647056
0.001,64,"(<class 'keras.src.optimizers.adam.Adam'>, {'beta_1': 0.99, 'beta_2': 0.9995, 'epsilon': 1e-06, 'amsgrad': False, 'learning_rate': 0.001})",<class 'keras.src.optimizers.adam.Adam'>,"{'beta_1': 0.99, 'beta_2': 0.9995, 'epsilon': 1e-06, 'amsgrad': False, 'learning_rate': 0.001}","(<class '__main__.CustomLossWrapper'>, {'loss_function': <function custom_median_loss_scaled at 0x000001BAFB5578B0>, 'lambda_sign': 2.0})",<class '__main__.CustomLossWrapper'>,"{'loss_function': <function custom_median_loss_scaled at 0x000001BAFB5578B0>, 'lambda_sign': 2.0}","[(<class 'keras.src.metrics.regression_metrics.MeanSquaredError'>, {}), (<class 'keras.src.metrics.regression_metrics.MeanAbsoluteError'>, {}), (<class 'keras.src.metrics.regression_metrics.MeanAbsolutePercentageError'>, {}), (<class 'keras.src.metrics.regression_metrics.RootMeanSquaredError'>, {}), (<class 'keras.src.metrics.regression_metrics.CosineSimilarity'>, {}), (<class 'keras.src.metrics.regression_metrics.LogCoshError'>, {}), (<class 'tensorflow_addons.metrics.r_square.RSquare'>, {})]",200,"[{'nodes': 128, 'activation': 'softplus', 'l2_reg': 0.0001, 'l1_reg': 0.001}]",0.99,True,PCA(n_components=0.99),1,True,"{'enabled': True, 'contamination': 0.05, 'remove_outliers': False}",False,True,"{'method': <function cosine_annealing_20 at 0x000001BAC637E1F0>, 'description': 'Cosine Annealing with 20 epochs cycle'}",True,0.9,val_root_mean_squared_error,<keras.src.engine.sequential.Sequential object at 0x000001BD92C79700>,StandardScaler(),IsolationForest(contamination=0.05),"[1.06360807e+01 3.11056091e+02 1.32586136e+01 1.98679703e+02
 1.76367817e+01 1.15309909e-01 1.25888596e+01 9.37086344e-03]",[0. 0. 0. 0. 0. 0. 0. 0.],13.258611260869053,10.221140057871136,0.557654953205015,1.2218451273913127,0.7122489490064803,16.208827488471016,12.229358877870695,9.384690330394445,10.70777966695983,0.5603475680830773,0.03888221035563745,0.8162301274646898,0.32952357224413564,16.76297373958269,12.645644024566622,9.854833015931476,11.033204350841727,0.5655011081014528,0.03563990787008463,0.03726105911286104,0.03719052619150754,0.037225775947052724
0.001,64,"(<class 'keras.src.optimizers.adam.Adam'>, {'beta_1': 0.99, 'beta_2': 0.9995, 'epsilon': 1e-06, 'amsgrad': False, 'learning_rate': 0.001})",<class 'keras.src.optimizers.adam.Adam'>,"{'beta_1': 0.99, 'beta_2': 0.9995, 'epsilon': 1e-06, 'amsgrad': False, 'learning_rate': 0.001}","(<class '__main__.CustomLossWrapper'>, {'loss_function': <function custom_median_loss_scaled at 0x000001BAFB5578B0>, 'lambda_sign': 2.0})",<class '__main__.CustomLossWrapper'>,"{'loss_function': <function custom_median_loss_scaled at 0x000001BAFB5578B0>, 'lambda_sign': 2.0}","[(<class 'keras.src.metrics.regression_metrics.MeanSquaredError'>, {}), (<class 'keras.src.metrics.regression_metrics.MeanAbsoluteError'>, {}), (<class 'keras.src.metrics.regression_metrics.MeanAbsolutePercentageError'>, {}), (<class 'keras.src.metrics.regression_metrics.RootMeanSquaredError'>, {}), (<class 'keras.src.metrics.regression_metrics.CosineSimilarity'>, {}), (<class 'keras.src.metrics.regression_metrics.LogCoshError'>, {}), (<class 'tensorflow_addons.metrics.r_square.RSquare'>, {})]",200,"[{'nodes': 128, 'activation': 'softplus', 'l2_reg': 0.0001, 'l1_reg': 0.001}]",0.99,True,PCA(n_components=0.99),1,True,"{'enabled': True, 'contamination': 0.05, 'remove_outliers': False}",False,True,"{'method': <keras.src.callbacks.ReduceLROnPlateau object at 0x000001BAFB526370>, 'description': 'Reduce on Plateau 50%, patience 5'}",True,0.9,val_root_mean_squared_error,<keras.src.engine.sequential.Sequential object at 0x000001BD95ED7670>,StandardScaler(),IsolationForest(contamination=0.05),"[1.06339359e+01 3.10486328e+02 1.32725668e+01 1.79195114e+02
 1.76206226e+01 1.16016246e-01 1.26039896e+01 1.11853480e-02]",[0. 0. 0. 0. 0. 0. 0. 0.],13.272567372266344,10.201565708728761,0.5580081229030549,0.21344450161210426,-0.25002210529125213,16.239010441922858,12.240223048849725,9.43434711285451,10.67345622471025,0.5615485147115962,0.03379669178031511,-0.1763048589541513,-0.5427006381523063,16.8033208337276,12.677112973924146,9.898232490422378,11.029673412341086,0.5636542723467126,0.031392984441673724,0.032594838110994416,0.03255052274309657,0.0325726728906222
0.001,64,"(<class 'keras.src.optimizers.adam.Adam'>, {'beta_1': 0.99, 'beta_2': 0.9995, 'epsilon': 1e-06, 'amsgrad': False, 'learning_rate': 0.001})",<class 'keras.src.optimizers.adam.Adam'>,"{'beta_1': 0.99, 'beta_2': 0.9995, 'epsilon': 1e-06, 'amsgrad': False, 'learning_rate': 0.001}","(<class '__main__.CustomLossWrapper'>, {'loss_function': <function custom_median_loss_scaled at 0x000001BAFB5578B0>, 'lambda_sign': 2.0})",<class '__main__.CustomLossWrapper'>,"{'loss_function': <function custom_median_loss_scaled at 0x000001BAFB5578B0>, 'lambda_sign': 2.0}","[(<class 'keras.src.metrics.regression_metrics.MeanSquaredError'>, {}), (<class 'keras.src.metrics.regression_metrics.MeanAbsoluteError'>, {}), (<class 'keras.src.metrics.regression_metrics.MeanAbsolutePercentageError'>, {}), (<class 'keras.src.metrics.regression_metrics.RootMeanSquaredError'>, {}), (<class 'keras.src.metrics.regression_metrics.CosineSimilarity'>, {}), (<class 'keras.src.metrics.regression_metrics.LogCoshError'>, {}), (<class 'tensorflow_addons.metrics.r_square.RSquare'>, {})]",200,"[{'nodes': 128, 'activation': 'softplus', 'l2_reg': 0.0001, 'l1_reg': 0.001}]",0.99,True,PCA(n_components=0.99),1,True,"{'enabled': True, 'contamination': 0.05, 'remove_outliers': False}",False,True,"{'method': <keras.src.callbacks.ReduceLROnPlateau object at 0x000001BAFB526CD0>, 'description': 'Reduce on Plateau 30%, patience 5'}",True,0.9,val_root_mean_squared_error,<keras.src.engine.sequential.Sequential object at 0x000001BD9942B670>,StandardScaler(),IsolationForest(contamination=0.05),"[1.06700840e+01 3.11352875e+02 1.32712450e+01 1.61296600e+02
 1.76451950e+01 1.19194776e-01 1.26027946e+01 8.42571259e-03]",[0. 0. 0. 0. 0. 0. 0. 0.],13.271240092887775,10.154848553873416,0.5595973865442345,0.8992580404376377,0.4308206650668249,16.21879567518044,12.249211106546824,9.473150721261465,10.668156073208484,0.5586874359789481,0.02982268336561761,0.5121280868407828,0.030776976579849402,16.779766705010623,12.670293336884274,9.844879221026716,11.012119544176844,0.5663629647869983,0.036613952032566004,0.03321831769909181,0.03287121003906169,0.03304430810640657
0.001,64,"(<class 'keras.src.optimizers.adam.Adam'>, {'beta_1': 0.99, 'beta_2': 0.9995, 'epsilon': 1e-06, 'amsgrad': False, 'learning_rate': 0.001})",<class 'keras.src.optimizers.adam.Adam'>,"{'beta_1': 0.99, 'beta_2': 0.9995, 'epsilon': 1e-06, 'amsgrad': False, 'learning_rate': 0.001}","(<class '__main__.CustomLossWrapper'>, {'loss_function': <function custom_median_loss_scaled at 0x000001BAFB5578B0>, 'lambda_sign': 2.0})",<class '__main__.CustomLossWrapper'>,"{'loss_function': <function custom_median_loss_scaled at 0x000001BAFB5578B0>, 'lambda_sign': 2.0}","[(<class 'keras.src.metrics.regression_metrics.MeanSquaredError'>, {}), (<class 'keras.src.metrics.regression_metrics.MeanAbsoluteError'>, {}), (<class 'keras.src.metrics.regression_metrics.MeanAbsolutePercentageError'>, {}), (<class 'keras.src.metrics.regression_metrics.RootMeanSquaredError'>, {}), (<class 'keras.src.metrics.regression_metrics.CosineSimilarity'>, {}), (<class 'keras.src.metrics.regression_metrics.LogCoshError'>, {}), (<class 'tensorflow_addons.metrics.r_square.RSquare'>, {})]",200,"[{'nodes': 128, 'activation': 'softplus', 'l2_reg': 0.0001, 'l1_reg': 0.001}]",0.99,True,PCA(n_components=0.99),1,True,"{'enabled': True, 'contamination': 0.05, 'remove_outliers': False}",False,True,"{'method': <keras.src.callbacks.ReduceLROnPlateau object at 0x000001BAFB526F10>, 'description': 'Reduce on Plateau 50%, patience 10'}",True,0.9,val_root_mean_squared_error,<keras.src.engine.sequential.Sequential object at 0x000001BD99305730>,StandardScaler(),IsolationForest(contamination=0.05),"[1.07310705e+01 3.12118195e+02 1.33160686e+01 1.62448334e+02
 1.76668663e+01 1.00476779e-01 1.26470327e+01 5.98829985e-03]",[0. 0. 0. 0. 0. 0. 0. 0.],13.316070517573893,10.29449874109557,0.550238389546177,0.3647177176575861,-0.12221858779478068,16.259993558278335,12.305889678574438,9.577229439738934,10.633914814363184,0.5534597859489244,0.01916363076714168,-0.011796904299994212,-0.4871953255963952,16.85347866473067,12.750390658169618,10.054063347744108,11.020317671323756,0.5482639743905442,0.01614391226759153,0.017653771517366607,0.017524639056810582,0.017589086782242365
0.001,64,"(<class 'keras.src.optimizers.adam.Adam'>, {'beta_1': 0.99, 'beta_2': 0.9995, 'epsilon': 1e-06, 'amsgrad': False, 'learning_rate': 0.001})",<class 'keras.src.optimizers.adam.Adam'>,"{'beta_1': 0.99, 'beta_2': 0.9995, 'epsilon': 1e-06, 'amsgrad': False, 'learning_rate': 0.001}","(<class '__main__.CustomLossWrapper'>, {'loss_function': <function custom_median_loss_scaled at 0x000001BAFB5578B0>, 'lambda_sign': 2.0})",<class '__main__.CustomLossWrapper'>,"{'loss_function': <function custom_median_loss_scaled at 0x000001BAFB5578B0>, 'lambda_sign': 2.0}","[(<class 'keras.src.metrics.regression_metrics.MeanSquaredError'>, {}), (<class 'keras.src.metrics.regression_metrics.MeanAbsoluteError'>, {}), (<class 'keras.src.metrics.regression_metrics.MeanAbsolutePercentageError'>, {}), (<class 'keras.src.metrics.regression_metrics.RootMeanSquaredError'>, {}), (<class 'keras.src.metrics.regression_metrics.CosineSimilarity'>, {}), (<class 'keras.src.metrics.regression_metrics.LogCoshError'>, {}), (<class 'tensorflow_addons.metrics.r_square.RSquare'>, {})]",200,"[{'nodes': 128, 'activation': 'softplus', 'l2_reg': 0.0001, 'l1_reg': 0.001}]",0.99,True,PCA(n_components=0.99),1,True,"{'enabled': True, 'contamination': 0.05, 'remove_outliers': False}",False,True,"{'method': <keras.src.callbacks.ReduceLROnPlateau object at 0x000001BAFB526820>, 'description': 'Reduce on Plateau 70%, patience 5'}",True,0.9,val_root_mean_squared_error,<keras.src.engine.sequential.Sequential object at 0x000001BD9F236B50>,StandardScaler(),IsolationForest(contamination=0.05),"[1.05904341e+01 3.10341125e+02 1.32562990e+01 1.81621277e+02
 1.76165009e+01 1.22726470e-01 1.25873184e+01 1.16477609e-02]",[0. 0. 0. 0. 0. 0. 0. 0.],13.256299231525029,10.18069142728846,0.5613632350344341,0.46147292790170846,0.011366759788064673,16.213557860337342,12.208331719915924,9.363380901502335,10.679128953378786,0.564374271484582,0.04106458084143136,0.008040488123262485,-0.3382366822045916,16.783216901138662,12.638074592151037,9.796192987042987,11.042456120276348,0.5680866781580891,0.04137821957663348,0.04122140020903242,0.04122080361808863,0.04122110191248122
0.001,64,"(<class 'keras.src.optimizers.adam.Adam'>, {'beta_1': 0.99, 'beta_2': 0.9995, 'epsilon': 1e-06, 'amsgrad': False, 'learning_rate': 0.001})",<class 'keras.src.optimizers.adam.Adam'>,"{'beta_1': 0.99, 'beta_2': 0.9995, 'epsilon': 1e-06, 'amsgrad': False, 'learning_rate': 0.001}","(<class '__main__.CustomLossWrapper'>, {'loss_function': <function custom_median_loss_scaled at 0x000001BAFB5578B0>, 'lambda_sign': 2.0})",<class '__main__.CustomLossWrapper'>,"{'loss_function': <function custom_median_loss_scaled at 0x000001BAFB5578B0>, 'lambda_sign': 2.0}","[(<class 'keras.src.metrics.regression_metrics.MeanSquaredError'>, {}), (<class 'keras.src.metrics.regression_metrics.MeanAbsoluteError'>, {}), (<class 'keras.src.metrics.regression_metrics.MeanAbsolutePercentageError'>, {}), (<class 'keras.src.metrics.regression_metrics.RootMeanSquaredError'>, {}), (<class 'keras.src.metrics.regression_metrics.CosineSimilarity'>, {}), (<class 'keras.src.metrics.regression_metrics.LogCoshError'>, {}), (<class 'tensorflow_addons.metrics.r_square.RSquare'>, {})]",200,"[{'nodes': 128, 'activation': 'softplus', 'l2_reg': 0.0001, 'l1_reg': 0.001}]",0.99,True,PCA(n_components=0.99),1,True,"{'enabled': True, 'contamination': 0.05, 'remove_outliers': False}",False,False,,True,0.9,val_root_mean_squared_error,<keras.src.engine.sequential.Sequential object at 0x000001BD9F156A60>,StandardScaler(),IsolationForest(contamination=0.05),"[1.05938482e+01 3.10591156e+02 1.32557402e+01 1.87621185e+02
 1.76235962e+01 1.12484552e-01 1.25858269e+01 1.08515024e-02]",[0. 0. 0. 0. 0. 0. 0. 0.],13.25573912929251,10.152067733406216,0.5562422744128553,0.4167120896020297,-0.03023465773321732,16.196662543456817,12.191979247030968,9.363287915157445,10.670329146308623,0.564374271484582,0.04107410388663819,0.04298878171296817,-0.3719098903336199,16.777382175782915,12.633848465173593,9.781427134498571,11.038506212460629,0.5703028810637774,0.04282315516276567,0.04194862952470193,0.0419303978184389,0.04193951268087248
